    0.000166327 299088 301136
    0.080993933 301136 303184
    0.081185368 303184 305232
    0.081362841 305232 307280
    0.081551318 307280 309328
    0.081630640 309328 310352
    0.081847584 310352 311376
    0.081910015 311376 312720
    0.082142423 312720 313424
    0.082267783 313424 315472
    0.082458776 315472 317520
    0.082836782 317520 319568
    0.082992490 319568 321616
    0.083322964 321616 323664
    0.083568225 323664 325712
    0.083798125 325712 327760
    0.084098228 327760 329808
    0.084349786 329808 331856
    0.084594885 331856 333904
    0.084822058 333904 335952
    0.085052215 335952 338000
    0.085280445 338000 340048
    0.085558763 340048 342096
    0.103353113 342096 344144
    0.116435604 344144 346192
    0.117347152 346192 348240
    0.118652290 348240 350288
    0.119495150 350288 352336
    0.120407554 352336 354384
    0.121269057 354384 356432
    0.122178803 356432 358480
    0.123383587 358480 360528
    0.124056723 360528 362576
    0.124727279 362576 364624
    0.125651652 364624 366672
    0.126426119 366672 368720
    0.127146103 368720 370768
    0.127752033 370768 372816
    0.128328582 372816 374864
    0.129079514 374864 376912
    0.129759990 376912 378960
    0.130461307 378960 381008
    0.131139255 381008 383056
    0.140024443 383056 385104
    0.143388178 385104 387152
    0.145507301 387152 389200
    0.147920761 389200 391248
    0.165612288 391248 393296
    0.167946124 393296 395344
    0.170804703 395344 397392
    0.173033184 397392 399440
    0.189345013 399440 401488
    0.192449932 401488 403536
    0.214886528 403536 405584
    0.217622693 405584 407632
    0.236584560 407632 409680
    0.242622400 409680 411728
    0.245878707 411728 413776
    0.248159599 413776 415824
    0.251317534 415824 417872
    0.269840913 417872 419920
    0.274984291 419920 421968
    0.280637654 421968 424016
    0.283793505 424016 426064
    0.286227739 426064 428112
    0.289875727 428112 430160
    0.292347492 430160 432208
    0.294788696 432208 434256
    0.297175230 434256 436304
    0.305159576 436304 438352
    0.310696842 438352 440400
    0.312251234 440400 442448
    0.314669644 442448 444496
    0.354175026 444496 446544
    0.356787119 446544 448592
    0.359454254 448592 450640
    0.361795553 450640 452688
    0.364052320 452688 454736
    0.366307608 454736 456784
    0.369197638 456784 458832
    0.386445836 458832 460880
    0.386521974 460880 462928
    0.386580102 462928 464976
    0.386632498 464976 467024
    0.391874040 467024 469072
    0.394120159 469072 471120
    0.396841774 471120 473168
    0.405202609 473168 475216
    0.407239550 475216 477264
    0.409470793 477264 479312
    0.411742271 479312 481360
    0.434044850 481360 483408
    0.436243170 483408 485456
    0.447629711 485456 487504
    0.472420600 487504 489552
    0.478845270 489552 491600
    0.482796200 491600 493648
    0.486227183 493648 495696
    0.488709693 495696 497744
    0.491554293 497744 499792
    0.494476786 499792 501840
    0.497355999 501840 503888
    0.499729999 503888 505936
    0.510763664 505936 507984
    0.513614992 507984 509456
    0.516069537 509456 510784
    0.518566210 510784 511504
    0.557052410 511504 513552
    0.559890016 513552 515600
    0.562312471 515600 517648
    0.564663934 517648 519696
    0.567639375 519696 521744
    0.584073434 521744 523792
    0.584695183 523792 525840
    0.584902972 525840 527888
    0.585031452 527888 529936
    0.585092841 529936 531984
    0.585271782 531984 534032
    0.586490802 607760 609808
    0.588768263 609808 611856
    0.591421569 611856 613904
    0.593522366 613904 615952
    0.595903808 615952 618000
    0.598598178 618000 620048
    0.601417879 620048 622096
    0.603458385 622096 624144
    0.606388854 624144 626192
    0.608857777 626192 628240
    0.620175866 628240 630288
    0.626035163 630288 632336
    0.647753355 632336 634384
    0.653318192 634384 636432
    0.655938782 636432 638480
    0.658204779 638480 640528
    0.661625077 640528 642576
    0.664100640 642576 644624
    0.666944311 644624 646672
    0.668579746 646672 648720
    0.674882628 648720 650768
    0.675827402 650768 652816
    0.678164467 652816 654864
    0.681529820 654864 656912
    0.683781295 656912 658960
    0.686648346 658960 661008
    0.689081747 661008 663056
    0.691443658 663056 665104
    0.710327064 665104 667152
    0.712786320 667152 669200
    0.729773282 669200 671248
    0.732616467 671248 673296
    0.734957184 673296 675344
    0.737387151 675344 677392
    0.740576279 677392 679440
    0.743524707 679440 681488
    0.745970454 681488 683536
    0.764194258 683536 685584
    0.766563325 685584 687632
    0.780062470 687632 689680
    0.782485649 689680 691728
    0.795128525 691728 693776
    0.799929181 693776 695824
    0.805522454 695824 697872
    0.807464777 697872 699920
    0.817256718 534032 536080
    0.962765121 699920 701968
    0.963545205 701968 704016
    0.963824662 704016 706064
    0.964197344 706064 708112
    0.964598954 708112 708688
    0.964736884 536080 538128
    1.097986486 538128 540176
    1.100978170 540176 542224
    1.109688162 542224 544272
    1.112576102 544272 546320
    1.121598656 546320 548368
    1.138190113 548368 550416
    1.142522540 550416 552464
    1.171034136 552464 554512
    1.174973467 554512 556560
    1.177912058 556560 558608
    1.181800695 558608 560656
    1.189338827 560656 562704
    1.192605410 562704 564752
    1.202563875 564752 566800
    1.205326318 566800 568848
    1.239123349 568848 570896
    1.242260440 570896 572944
    1.287698791 572944 574992
    1.290528521 574992 577040
    1.294007113 577040 579088
    1.296878446 579088 581136
    1.297333221 581136 583184
    1.300229282 583184 585232
    1.302581280 585232 587280
    1.304985309 587280 589328
    1.307418250 589328 591376
    1.325872412 591376 593424
    1.328105424 593424 595472
    1.341506484 595472 597520
    1.367075881 597520 599568
    1.370057513 599568 601616
    1.372456945 601616 603664
    1.374866394 603664 605712
    1.381643657 605712 607760
    1.402740228 1423560 1423968
    1.942730077 491600 491608
    1.956623699 454936 454944
    1.956869829 443888 443896
    1.957222933 673048 673056
    1.963781476 649384 649392
    1.966424777 679416 679424
    1.978890169 479512 479520
    1.979241133 628624 628632
    2.000254449 300728 300736
    2.000488754 472992 473000
    2.000724593 428352 428360
    2.000985018 581024 581032
    2.004159502 703496 703504
    2.010400083 405688 405696
    2.010608254 402768 402776
    2.010770668 706440 706448
    2.010932191 328968 328976
    2.028603297 305032 305040
    2.029224712 328312 328320
    2.029448874 375624 375632
    2.034698207 518248 518256
    2.035142924 667256 667264
    2.035876675 401896 401904
    2.043379610 685280 685288
    2.043753436 494752 494760
    2.052723404 310136 310144
    2.053043027 577424 577432
    2.053320529 349056 349064
    2.074931444 697104 697112
    2.075730177 604536 604544
    2.079930468 670352 670360
    2.080198605 619000 619008
    2.081163920 576344 576352
    2.081508887 658792 658800
    2.081834465 460856 460864
    2.082157194 506224 506232
    2.082474726 445160 445168
    2.083418113 506704 506712
    2.092759286 588568 588576
    2.093170521 646168 646176
    2.100307109 310512 310520
    2.100602570 433080 433088
    2.100893561 338456 338464
    2.101174387 441792 441800
    2.109232368 581304 581312
    2.131154301 475064 475072
    2.154473660 607632 607640
    2.154770906 431336 431344
    2.157253154 411040 411048
    2.157618630 363552 363560
    2.157828761 370472 370480
    2.184249770 567096 567104
    2.195791546 460120 460128
    2.196031165 311656 311664
    2.196441635 519560 519568
    2.203372849 384984 384992
    2.226629362 429808 429816
    2.227035122 331536 331544
    2.248793492 670512 670520
    2.249079619 576520 576528
    2.256327527 463480 463488
    2.272791652 460520 460528
    2.287875843 528704 528712
    2.296236201 367464 367472
    2.296571126 514216 514224
    2.296896222 440072 440080
    2.307830674 698008 698016
    2.322310794 308936 308944
    2.338683871 367568 367576
    2.339099344 557120 557128
    2.339301777 513368 513376
    2.346553359 346584 346592
    2.346887915 403624 403632
    2.395158142 429696 429704
    2.423997862 532752 532760
    2.424231724 571168 571176
    2.424423117 367400 367408
    2.424608548 698264 698272
    2.424997282 617256 617264
    2.425222848 603576 603584
    2.425406670 705928 705936
    2.425652962 603200 603208
    2.449220340 548264 548272
    2.457592710 307152 307160
    2.467432402 601568 601576
    2.467837302 489056 489064
    2.468064222 496584 496592
    2.477763603 336456 336464
    2.478002999 574840 574848
    2.478197581 646912 646920
    2.495272464 439672 439680
    2.495598395 604384 604392
    2.495784960 468328 468336
    2.495989409 398272 398280
    2.525773566 375848 375856
    2.532407261 527096 527104
    2.543837771 467864 467872
    2.557830244 325072 325080
    2.558112509 478648 478656
    2.588166557 624328 624336
    2.615883881 426592 426600
    2.625644426 666824 666832
    2.637608996 371600 371608
    2.639151791 666336 666344
    2.650978412 442768 442776
    2.651206186 340112 340120
    2.654612438 640024 640032
    2.668285537 383192 383200
    2.676934741 589600 589608
    2.694804473 529480 529488
    2.712241512 455912 455920
    2.717146207 615712 615720
    2.728691832 394280 394288
    2.756098646 701936 701944
    2.813387297 338016 338024
    2.856980661 353944 353952
    2.872158030 498584 498592
    2.872572236 610320 610328
    2.875714956 310080 310088
    2.877197816 421200 421208
    2.893184859 408480 408488
    2.901779763 342192 342200
    2.914235971 618144 618152
    2.932638062 502392 502400
    2.948797956 464768 464776
    2.952607536 353256 353264
    2.979625180 663064 663072
    2.980710998 668584 668592
    2.983806669 661136 661144
    2.996318432 588920 588928
    2.996574836 470736 470744
    3.016180624 573504 573512
    3.016554165 405888 405896
    3.016798073 337312 337320
    3.025002530 665040 665048
    3.040716268 615784 615792
    3.040952699 594624 594632
    3.115315451 330584 330592
    3.491283098 538816 538824
    3.549062294 612464 612472
    3.646086259 645008 645016
    3.646392175 394768 394776
    3.646701593 340464 340472
    3.655500085 474656 474664
    3.661693116 684416 684424
    3.662015469 679232 679240
    3.671618963 429928 429936
    3.679490634 678232 678240
    3.679741887 594560 594568
    3.680230282 468224 468232
    3.692075049 603000 603008
    3.692321961 589112 589120
    3.692697004 538600 538608
    3.692988431 438168 438176
    3.693303814 600712 600720
    3.699218066 441032 441040
    3.699475943 590448 590456
    3.713540490 436472 436480
    3.713847976 396344 396352
    3.714136798 347160 347168
    3.714423131 317936 317944
    3.732379589 300488 300496
    3.737633254 647576 647584
    3.745028910 426552 426560
    3.833272161 519576 519584
    3.895258282 343088 343096
    3.895660560 525168 525176
    3.910250190 345480 345488
    3.910605167 488080 488088
    3.910985246 620432 620440
    3.911320403 306224 306232
    3.911637072 493288 493296
    3.933835328 395160 395168
    3.937789642 682528 682536
    3.938224603 520856 520864
    3.942458562 372056 372064
    3.942804568 568240 568248
    3.952365165 317416 317424
    3.952696852 499472 499480
    3.953318768 586024 586032
    3.953637199 586752 586760
    3.964201816 642656 642664
    3.964493893 352744 352752
    3.964815024 442720 442728
    3.975547985 504664 504672
    3.975818250 382208 382216
    3.992098164 308672 308680
    3.992311302 499456 499464
    3.992697343 546000 546008
    3.993377354 455296 455304
    3.993732361 559944 559952
    3.993945698 332760 332768
    3.994321962 452240 452248
    4.016501575 300904 300912
    4.016859307 681080 681088
    4.017205668 501224 501232
    4.017850197 585936 585944
    4.018058395 355760 355768
    4.027268103 313144 313152
    4.027475615 328328 328336
    4.048620008 700160 700168
    4.048852924 464848 464856
    4.057646551 311048 311056
    4.057919237 395488 395496
    4.058097583 551144 551152
    4.058268096 544800 544808
    4.058436159 500864 500872
    4.058605289 693352 693360
    4.058775261 429664 429672
    4.059136294 496136 496144
    4.074537099 537576 537584
    4.075254706 420808 420816
    4.075630207 523560 523568
    4.088846477 311696 311704
    4.089173461 365560 365568
    4.089494434 474472 474480
    4.091836175 557848 557856
    4.092152900 459664 459672
    4.098330697 542360 542368
    4.098549585 334064 334072
    4.099039995 633696 633704
    4.099732548 590328 590336
    4.099958360 652000 652008
    4.101191194 662712 662720
    4.101504088 492048 492056
    4.119877242 368008 368016
    4.120215754 362536 362544
    4.120442545 593392 593400
    4.131089642 667168 667176
    4.154153094 454032 454040
    4.157538257 308408 308416
    4.157833155 393968 393976
    4.168657040 388512 388520
    4.176112552 707496 707504
    4.176352621 446048 446056
    4.176566804 378072 378080
    4.176778526 495376 495384
    4.177188329 491792 491800
    4.177437963 606504 606512
    4.177701606 533576 533584
    4.189793578 354144 354152
    4.190098765 374080 374088
    4.190343880 567048 567056
    4.202256496 548088 548096
    4.202624007 420408 420416
    4.202954026 706736 706744
    4.203285556 613600 613608
    4.203950444 655336 655344
    4.212199083 443384 443392
    4.212582938 417832 417840
    4.213269997 482736 482744
    4.218208668 425856 425864
    4.250185380 561672 561680
    4.250638507 606136 606144
    4.258580233 485080 485088
    4.270757152 596456 596464
    4.271347545 649168 649176
    4.271695909 583784 583792
    4.272091503 512832 512840
    4.286276456 639864 639872
    4.301877941 625328 625336
    4.306250133 569240 569248
    4.319705799 501328 501336
    4.319934950 470272 470280
    4.321351290 569080 569088
    4.323044426 447432 447440
    4.336446343 358888 358896
    4.342981105 506352 506360
    4.360898569 636088 636096
    4.376976418 579736 579744
    4.388470535 670272 670280
    4.389866702 495904 495912
    4.391251059 489240 489248
    4.425063708 677024 677032
    4.425490845 316744 316752
    4.425869147 347288 347296
    4.440066142 671808 671816
    4.440325637 331376 331384
    4.476893636 646624 646632
    4.480702679 644520 644528
    4.518009078 464568 464576
    4.518861404 451616 451624
    4.535104199 406376 406384
    4.535375053 593736 593744
    4.535603519 561312 561320
    4.545340512 448128 448136
    4.545597531 681392 681400
    4.578305024 525224 525232
    4.578577954 552248 552256
    4.589560784 450832 450840
    4.619344352 662624 662632
    4.644978494 520792 520800
    4.666705444 598552 598560
    4.673449012 688392 688400
    4.673663883 337960 337968
    4.710870452 306784 306792
    4.711440007 629160 629168
    4.724113271 457320 457328
    4.729514536 304184 304192
    4.729851501 650232 650240
    4.731226835 473360 473368
    4.740101236 458984 458992
    4.740407205 679168 679176
    4.745465119 422840 422848
    4.760240337 476480 476488
    4.760495519 506312 506320
    4.760780399 329552 329560
    4.767367714 548792 548800
    4.772037600 520648 520656
    4.775415206 555264 555272
    4.783033117 706344 706352
    4.794063453 336784 336792
    4.794371401 661008 661016
    4.797551861 464992 465000
    4.801548374 376320 376328
    4.846377159 467680 467688
    4.846706145 450224 450232
    4.856915712 401560 401568
    4.871296869 410616 410624
    4.871489288 606712 606720
    4.882697913 495016 495024
    4.884367304 357632 357640
    4.884901062 563416 563424
    4.902589720 446968 446976
    4.910918375 572336 572344
    4.920083344 324008 324016
    4.920357833 694536 694544
    4.940893420 622168 622176
    4.941378272 312760 312768
    4.941653677 537072 537080
    4.961348493 318952 318960
    4.961686760 446112 446120
    4.980271428 654960 654968
    4.980528294 486496 486504
    4.999102242 557128 557136
    5.001034331 558064 558072
    5.002477349 521392 521400
    5.022714599 682160 682168
    5.023099448 331712 331720
    5.053319622 593768 593776
    5.059213337 375384 375392
    5.112379590 516728 516736
    5.112648748 616120 616128
    5.125087831 385632 385640
    5.148636690 633952 633960
    5.149130450 544032 544040
    5.152114418 648000 648008
    5.163521628 564504 564512
    5.388569310 631712 631720
    5.400815908 307384 307392
    5.401650903 677272 677280
    5.424463044 443176 443184
    5.425297976 625104 625112
    5.425517531 654992 655000
    5.442982978 616672 616680
    5.443193097 397536 397544
    5.485696049 563696 563704
    5.486472097 552136 552144
    5.486653186 650176 650184
    5.486846218 662184 662192
    5.487023174 415208 415216
    5.526454443 707096 707104
    5.532545511 365416 365424
    5.532885985 401288 401296
    5.533193382 681256 681264
    5.533481880 524488 524496
    5.552115378 523160 523168
    5.553515209 588968 588976
    5.570343063 553616 553624
    5.570629681 358840 358848
    5.570898017 596576 596584
    5.605089021 626472 626480
    5.606080792 458168 458176
    5.616105928 465048 465056
    5.616407568 335568 335576
    5.616730646 705008 705016
    5.617354066 393936 393944
    5.617742572 367232 367240
    5.618275678 489992 490000
    5.618761957 558976 558984
    5.618990983 604264 604272
    5.619257398 656264 656272
    5.619477752 590320 590328
    5.626776506 367848 367856
    5.635807190 477720 477728
    5.636064910 690400 690408
    5.660468635 487688 487696
    5.666923995 370816 370824
    5.673201399 387088 387096
    5.673713596 514680 514688
    5.681514445 547728 547736
    5.691564484 364240 364248
    5.701128129 668632 668640
    5.711533927 702576 702584
    5.720470730 595792 595800
    5.739443009 310176 310184
    5.739736514 301248 301256
    5.749108367 503560 503568
    5.749435455 364704 364712
    5.749761707 402480 402488
    5.750112449 614992 615000
    5.750435794 560184 560192
    5.765465714 475736 475744
    5.765776848 502936 502944
    5.766066329 551944 551952
    5.766339789 702320 702328
    5.766609221 594296 594304
    5.773410229 477096 477104
    5.782149656 545720 545728
    5.782802877 686984 686992
    5.804434120 500544 500552
    5.805021410 330360 330368
    5.805838055 642136 642144
    5.823976100 543368 543376
    5.879868990 475880 475888
    5.880190431 677504 677512
    5.892688734 338824 338832
    5.907220707 592208 592216
    5.932852608 362928 362936
    5.933245375 625536 625544
    5.934247121 494032 494040
    5.934503852 379344 379352
    5.934682702 400416 400424
    5.934857010 698456 698464
    5.952953999 534288 534296
    5.953344056 319080 319088
    5.953690088 389584 389592
    5.954067470 666048 666056
    5.954595172 622000 622008
    5.955044249 654792 654800
    5.955257983 599344 599352
    5.955469000 527984 527992
    5.967884807 398088 398096
    5.968250763 514232 514240
    5.968621903 651432 651440
    5.968966274 666480 666488
    5.969211253 625736 625744
    5.994812911 551304 551312
    5.997059358 549328 549336
    6.007233212 445696 445704
    6.014599917 480944 480952
    6.015193507 658552 658560
    6.027987681 316168 316176
    6.028273717 527832 527840
    6.028555600 614928 614936
    6.029089314 464912 464920
    6.034801397 406976 406984
    6.043162512 705608 705616
    6.055115545 394312 394320
    6.064189210 387104 387112
    6.068645726 429224 429232
    6.070320633 357928 357936
    6.072867786 663488 663496
    6.075503216 352768 352776
    6.099669094 441056 441064
    6.100035155 561136 561144
    6.111328058 438456 438464
    6.128110082 529368 529376
    6.132134190 656840 656848
    6.144669134 314928 314936
    6.144945518 552392 552400
    6.145399583 331896 331904
    6.157299967 547792 547800
    6.160811503 463192 463200
    6.163547656 691520 691528
    6.165550513 700128 700136
    6.183437443 351272 351280
    6.183720223 573624 573632
    6.209584351 324016 324024
    6.210427173 400144 400152
    6.232391958 341016 341024
    6.239742986 675112 675120
    6.258559750 496512 496520
    6.261773372 458432 458440
    6.262630549 378944 378952
    6.277351581 579104 579112
    6.282272209 548200 548208
    6.290452091 441880 441888
    6.290709366 309776 309784
    6.293757859 571984 571992
    6.295665894 366520 366528
    6.316714513 499632 499640
    6.317059782 306552 306560
    6.321719028 601440 601448
    6.322071061 405352 405360
    6.698180830 501688 501696
    6.808066418 333200 333208
    6.832409089 468248 468256
    6.855095607 530032 530040
    6.855501008 532944 532952
    6.864994133 650624 650632
    6.865450293 431160 431168
    6.875903034 548904 548912
    6.876477575 629880 629888
    6.876898287 449808 449816
    6.897505335 474480 474488
    6.897943678 633320 633328
    6.913550583 435320 435328
    6.927086726 467320 467328
    6.933757388 697960 697968
    6.934271229 694104 694112
    6.938453184 667696 667704
    6.938802215 381288 381296
    6.969896706 627736 627744
    6.970222422 389824 389832
    6.970544489 543840 543848
    6.982365323 639424 639432
    6.982675011 505616 505624
    6.982956890 326192 326200
    6.983238625 705088 705096
    6.983511680 490160 490168
    6.994035529 427408 427416
    7.000043578 679832 679840
    7.000255394 344312 344320
    7.000540765 656128 656136
    7.011786173 563712 563720
    7.020947816 667160 667168
    7.021253161 496392 496400
    7.027506105 701816 701824
    7.028245639 484768 484776
    7.028698275 592216 592224
    7.036601938 657296 657304
    7.064988847 377288 377296
    7.091260075 550672 550680
    7.091556677 460344 460352
    7.094973253 458608 458616
    7.095249937 517896 517904
    7.095547379 320400 320408
    7.115208797 438040 438048
    7.115642510 461856 461864
    7.124751433 676800 676808
    7.125174719 450328 450336
    7.125549903 682728 682736
    7.125882470 344136 344144
    7.136168162 370032 370040
    7.136598535 678640 678648
    7.137016336 675432 675440
    7.145577408 587192 587200
    7.146646198 404760 404768
    7.156508044 454592 454600
    7.156874612 597488 597496
    7.166688661 657760 657768
    7.167024532 375552 375560
    7.167252766 397840 397848
    7.180310941 403400 403408
    7.181435563 502080 502088
    7.181727126 396752 396760
    7.192692970 504760 504768
    7.192953755 507712 507720
    7.200864935 336864 336872
    7.202167270 540664 540672
    7.210388095 301576 301584
    7.210786915 395112 395120
    7.211892955 466584 466592
    7.214748440 592464 592472
    7.226032195 449240 449248
    7.226422377 649136 649144
    7.226790752 396608 396616
    7.248468728 493336 493344
    7.254789359 320848 320856
    7.255059040 706664 706672
    7.283459250 310504 310512
    7.289078705 682960 682968
    7.289473914 384648 384656
    7.289908342 484424 484432
    7.298312283 696208 696216
    7.298930835 578416 578424
    7.299133053 483152 483160
    7.299617495 331672 331680
    7.311250478 373400 373408
    7.314375033 410648 410656
    7.323003400 690176 690184
    7.323361465 667568 667576
    7.323586314 317520 317528
    7.330879134 522792 522800
    7.331111930 505064 505072
    7.340558814 555672 555680
    7.349360345 536680 536688
    7.349668642 602584 602592
    7.349955256 576744 576752
    7.350778422 653256 653264
    7.363988311 453960 453968
    7.365378965 441736 441744
    7.368780943 577560 577568
    7.369097715 588640 588648
    7.391792574 574768 574776
    7.395018212 485088 485096
    7.420781906 440128 440136
    7.426538394 694840 694848
    7.426772183 629208 629216
    7.433683587 299504 299512
    7.437083357 655328 655336
    7.438341368 428096 428104
    7.439817518 484864 484872
    7.489422268 435616 435624
    7.496053591 591656 591664
    7.512062923 532840 532848
    7.512380919 679240 679248
    7.520454238 665480 665488
    7.520760014 407064 407072
    7.534645222 642480 642488
    7.534985296 552560 552568
    7.548817569 375536 375544
    7.559386708 317496 317504
    7.559959553 435120 435128
    7.568109880 389832 389840
    7.568393445 431640 431648
    7.606274113 682328 682336
    7.643252215 376840 376848
    7.647381986 650512 650520
    7.671352993 362200 362208
    7.695359516 411216 411224
    7.706906338 708496 708504
    7.707311221 538512 538520
    7.708994529 651384 651392
    7.710879184 479240 479248
    7.729969423 334416 334424
    7.742141419 412376 412384
    7.760928474 481024 481032
    7.761405129 570696 570704
    7.774825959 437248 437256
    7.790365846 556128 556136
    7.806719260 617976 617984
    7.820865945 405144 405152
    7.849160340 587432 587440
    7.849491093 551376 551384
    7.849806763 527928 527936
    7.863850986 337648 337656
    7.864209524 568504 568512
    7.869195377 515928 515936
    7.888014824 320208 320216
    7.888463348 513872 513880
    7.888720180 378064 378072
    7.912170467 485496 485504
    7.912432385 361016 361024
    7.912652868 426584 426592
    7.924254564 621488 621496
    7.928366283 671816 671824
    7.940468065 407696 407704
    7.940897850 360176 360184
    7.941301534 357448 357456
    7.952422601 334992 335000
    7.970882810 305328 305336
    7.971279136 690072 690080
    7.989060990 614784 614792
    8.000693239 393088 393096
    8.020595221 491432 491440
    8.032241468 618712 618720
    8.033680591 337432 337440
    8.047880369 337304 337312
    8.069775984 623584 623592
    8.078085118 662928 662936
    8.086073417 563784 563792
    8.092313971 433776 433784
    8.102144018 454616 454624
    8.108161135 348232 348240
    8.108497448 364488 364496
    8.110889411 341032 341040
    8.120130550 701592 701600
    8.150360418 551888 551896
    8.162235416 433240 433248
    8.164951125 458160 458168
    8.171030803 615888 615896
    8.189036802 490008 490016
    8.194160603 678512 678520
    8.230379999 455048 455056
    8.249708767 390408 390416
    8.255017318 634648 634656
    8.258429123 601072 601080
    8.270035851 703136 703144
    8.270449794 349448 349456
    8.276963169 625896 625904
    8.308730361 389896 389904
    8.314522116 685880 685888
    8.336130348 424208 424216
    8.352981283 370632 370640
    8.360554329 571760 571768
    8.395055953 376808 376816
    8.395358695 649472 649480
    8.395591292 489312 489320
    8.396107802 432568 432576
    8.409084694 330640 330648
    8.420116702 455728 455736
    8.431769630 471640 471648
    8.433881504 527848 527856
    8.442686125 497232 497240
    8.443021350 587344 587352
    8.457831961 653920 653928
    8.476235836 315872 315880
    8.498414732 375800 375808
    8.536087187 646336 646344
    8.547431293 434360 434368
    8.548861657 601256 601264
    8.550167682 660432 660440
    8.553879900 692008 692016
    8.559325318 603920 603928
    8.559671675 320360 320368
    8.564054268 474112 474120
    8.566288649 539456 539464
    8.567835693 356200 356208
    8.570997387 587976 587984
    8.573323247 349952 349960
    8.576130792 683664 683672
    8.580132338 576728 576736
    8.596457378 514776 514784
    8.601868409 523144 523152
    8.615957008 682912 682920
    8.616239025 552208 552216
    8.618924433 386864 386872
    8.625793876 324880 324888
    8.626250453 575808 575816
    8.637645879 500464 500472
    8.648313483 317128 317136
    8.648587097 620904 620912
    8.653060254 679104 679112
    8.693833546 498472 498480
    8.706454028 537840 537848
    8.725781878 424344 424352
    8.735058878 327576 327584
    8.782615010 590216 590224
    8.782916759 565056 565064
    8.807884823 465672 465680
    8.819748840 395440 395448
    8.820049315 552312 552320
    8.821514564 304288 304296
    8.823171981 694952 694960
    8.846669377 307128 307136
    8.863036231 694160 694168
    9.323238907 364320 364328
    9.338908714 612760 612768
    9.339163112 529080 529088
    9.344787582 620568 620576
    9.345005108 347264 347272
    9.345226180 605872 605880
    9.350462723 384568 384576
    9.350768716 343432 343440
    9.351751909 315888 315896
    9.372242228 383936 383944
    9.372452380 498560 498568
    9.405179937 610944 610952
    9.414935351 433088 433096
    9.420867808 310720 310728
    9.432398733 467888 467896
    9.432689214 622648 622656
    9.448170032 633624 633632
    9.472000404 497992 498000
    9.472421538 334968 334976
    9.487407158 456744 456752
    9.520186155 321192 321200
    9.520452200 390008 390016
    9.520727500 391072 391080
    9.520929194 516400 516408
    9.521364660 448960 448968
    9.529562636 654160 654168
    9.538405845 317472 317480
    9.538695118 502040 502048
    9.539052781 577696 577704
    9.547515398 398072 398080
    9.558543241 708680 708688
    9.558813636 411624 411632
    9.559312378 434144 434152
    9.559604370 428880 428888
    9.566357687 361136 361144
    9.574782652 588328 588336
    9.610979746 599408 599416
    9.611192285 374736 374744
    9.631308876 386384 386392
    9.631519700 391080 391088
    9.631750507 704872 704880
    9.659852767 365952 365960
    9.660115937 582952 582960
    9.690702745 517376 517384
    9.690905355 584152 584160
    9.691086015 656464 656472
    9.739898680 678264 678272
    9.740100748 679840 679848
    9.746752024 337368 337376
    9.752863692 702896 702904
    9.773786224 431824 431832
    9.773965324 521368 521376
    9.774161991 559736 559744
    9.781916911 333712 333720
    9.798995201 580744 580752
    9.799301389 524680 524688
    9.799592156 652920 652928
    9.799891749 357600 357608
    9.820575148 550816 550824
    9.820819637 651480 651488
    9.821050693 303376 303384
    9.829323396 691416 691424
    9.840174898 365232 365240
    9.840478180 417000 417008
    9.859192288 651760 651768
    9.868462671 641536 641544
    9.868845787 602880 602888
    9.869042861 401544 401552
    9.869211239 385184 385192
    9.869378073 482464 482472
    9.869546552 613176 613184
    9.869709690 453360 453368
    9.869877564 635408 635416
    9.880948403 444520 444528
    9.884789601 474800 474808
    9.885024720 453792 453800
    9.892587254 583872 583880
    9.909723431 654320 654328
    9.909984870 590536 590544
    9.918378309 403360 403368
    9.918712208 570112 570120
    9.926592441 552712 552720
    9.926974067 331968 331976
    9.928563387 450664 450672
    9.951588394 450176 450184
    9.951931459 602952 602960
    9.952252595 539992 540000
    9.953884642 644976 644984
    9.954527711 426056 426064
    9.960846451 583376 583384
    9.961097531 444616 444624
    9.961616684 676112 676120
    9.961856928 452600 452608
    9.968062064 570560 570568
    9.973077883 699864 699872
    9.973403043 576144 576152
    9.973722082 302808 302816
   10.005678375 512032 512040
   10.006155311 307216 307224
   10.007023352 534640 534648
   10.026572479 401080 401088
   10.026854287 466464 466472
   10.035495436 462760 462768
   10.038297633 707464 707472
   10.054750403 664064 664072
   10.055051760 514648 514656
   10.066713589 669072 669080
   10.066992766 475496 475504
   10.078409269 632616 632624
   10.080467683 706016 706024
   10.081716203 549856 549864
   10.091393899 483472 483480
   10.093558251 578808 578816
   10.103842473 448712 448720
   10.111462166 629080 629088
   10.114856024 528592 528600
   10.119198380 573968 573976
   10.123522361 554352 554360
   10.437342469 587640 587648
   10.461702555 447704 447712
   10.487264860 332584 332592
   10.505456225 319112 319120
   10.516775816 388936 388944
   10.517068861 314824 314832
   10.517320613 406048 406056
   10.517663926 380800 380808
   10.528609550 449312 449320
   10.528892804 422944 422952
   10.529198618 612696 612704
   10.529671073 349456 349464
   10.530037247 357104 357112
   10.530312418 467536 467544
   10.541153669 673040 673048
   10.541385607 549288 549296
   10.566777372 628544 628552
   10.578504730 630008 630016
   10.578808167 596696 596704
   10.579091103 534896 534904
   10.579343029 463104 463112
   10.593666359 647632 647640
   10.594079464 666152 666160
   10.594598763 358360 358368
   10.595143540 663264 663272
   10.600592455 612816 612824
   10.600836537 429496 429504
   10.601029419 488664 488672
   10.605345922 443792 443800
   10.605615285 507608 507616
   10.621297998 540104 540112
   10.621637923 382824 382832
   10.622032821 489280 489288
   10.627726685 391088 391096
   10.635643949 537168 537176
   10.636066521 375336 375344
   10.636443192 453912 453920
   10.659181295 613368 613376
   10.665366969 430472 430480
   10.665984075 445968 445976
   10.690512919 300760 300768
   10.701116004 351600 351608
   10.705732558 666656 666664
   10.705921897 380880 380888
   10.710805148 389936 389944
   10.711151927 676992 677000
   10.711442631 387576 387584
   10.711716514 339920 339928
   10.721848353 342160 342168
   10.726526957 494536 494544
   10.727497890 643832 643840
   10.727885830 365096 365104
   10.728071743 333296 333304
   10.728255657 443144 443152
   10.771001334 625632 625640
   10.791187140 707672 707680
   10.795220653 495120 495128
   10.817556828 366176 366184
   10.817992160 506768 506776
   10.818437249 309280 309288
   10.818853403 395504 395512
   10.819095444 622528 622536
   10.819413822 571696 571704
   10.819687772 635184 635192
   10.819895917 441912 441920
   10.820120594 624760 624768
   10.851679990 698656 698664
   10.872764567 634576 634584
   10.873046091 462472 462480
   10.893778301 478256 478264
   10.906096918 607592 607600
   10.924867295 441888 441896
   10.931210358 366184 366192
   10.932022603 627264 627272
   10.932359065 348096 348104
   10.932718403 496280 496288
   10.933129335 515840 515848
   10.949752323 345032 345040
   10.970367025 437144 437152
   10.970744430 411672 411680
   10.986174038 692256 692264
   10.986525909 587712 587720
   10.999471036 620304 620312
   10.999876735 474528 474536
   11.000180439 606616 606624
   11.000556320 569528 569536
   11.000884791 388944 388952
   11.001188599 365928 365936
   11.009336222 672000 672008
   11.019420154 638360 638368
   11.030111116 601128 601136
   11.030485816 435024 435032
   11.030824705 407480 407488
   11.031478267 429520 429528
   11.031792163 301920 301928
   11.044119053 626680 626688
   11.051158935 533664 533672
   11.055706809 470000 470008
   11.084868613 678656 678664
   11.114877580 462480 462488
   11.115236760 395264 395272
   11.136160656 390872 390880
   11.136523355 441688 441696
   11.147455836 366416 366424
   11.149115095 695584 695592
   11.162789152 482008 482016
   11.167961103 434496 434504
   11.198916004 502728 502736
   11.199803121 442824 442832
   11.211810472 465800 465808
   11.229314326 623448 623456
   11.264737269 662992 663000
   11.265054864 616440 616448
   11.285205602 573616 573624
   11.292539374 697232 697240
   11.313066529 404488 404496
   11.313380670 678120 678128
   11.318476165 432120 432128
   11.318751282 685200 685208
   11.320187804 387720 387728
   11.335410922 339528 339536
   11.343644905 487584 487592
   11.366101073 704808 704816
   11.366511169 527384 527392
   11.378266227 375896 375904
   11.380967785 401528 401536
   11.381294538 488728 488736
   11.381694600 664872 664880
   11.385478377 428424 428432
   11.387300215 555000 555008
   11.389217609 405248 405256
   11.390806293 690568 690576
   11.403502169 667664 667672
   11.403888314 589768 589776
   11.422911889 598464 598472
   11.449605137 647360 647368
   11.462526669 548664 548672
   11.464524700 691904 691912
   11.474880605 339384 339392
   11.478605414 583840 583848
   11.489606780 580800 580808
   11.491435732 425904 425912
   11.493972321 370856 370864
   11.497370527 464496 464504
   11.499712080 410280 410288
   11.502771541 455008 455016
   11.505999812 511272 511280
   11.544505939 587440 587448
   11.554972726 382912 382920
   11.589373416 370760 370768
   11.600623781 521448 521456
   11.640558814 602016 602024
   11.641074210 665944 665952
   11.646624120 375312 375320
   11.647119850 557576 557584
   11.665612546 636480 636488
   11.681326488 363920 363928
   11.691158477 477416 477424
   11.712379437 325520 325528
   11.712576962 620936 620944
   11.724589886 486680 486688
   11.752692233 307256 307264
   11.752992638 349352 349360
   11.753306877 570352 570360
   11.764670350 566984 566992
   11.764976103 679016 679024
   11.788119857 689496 689504
   11.788544909 474064 474072
   11.801301071 691552 691560
   11.801664339 613216 613224
   11.802002540 401488 401496
   11.813938835 393928 393936
   11.826685391 320408 320416
   11.842094343 381360 381368
   11.842495914 513592 513600
   11.854056364 677984 677992
   11.856197391 557216 557224
   11.880048436 689024 689032
   11.888246766 491104 491112
   11.903451323 680992 681000
   11.918512833 514952 514960
   11.930384913 480656 480664
   11.930661273 300600 300608
   11.964852002 627920 627928
   11.965235746 641192 641200
   11.982794640 300184 300192
   12.005982871 610832 610840
   12.006304453 528576 528584
   12.034941865 441920 441928
   12.035314178 484744 484752
   12.035668347 688184 688192
   12.058545386 696248 696256
   12.063555058 305224 305232
   12.078025895 321728 321736
   12.078249449 611736 611744
   12.086536395 550000 550008
   12.110339844 438504 438512
   12.122271039 369056 369064
   12.123614960 445816 445824
   12.124879961 433048 433056
   12.127101970 446800 446808
   12.127447507 416952 416960
   12.127767295 596384 596392
   12.128120465 387672 387680
   12.131375814 410288 410296
   12.131635235 408696 408704
   12.132967953 634328 634336
   12.154053521 340720 340728
   12.161964772 526784 526792
   12.162299779 419584 419592
   12.176851243 330032 330040
   12.177154936 381696 381704
   12.195809408 492568 492576
   12.212899963 321784 321792
   12.245939121 594512 594520
   12.259253740 325208 325216
   12.278072050 659376 659384
   12.278344070 563296 563304
   12.296656200 373208 373216
   12.296988101 514288 514296
   12.309490001 468928 468936
   12.309790500 579168 579176
   12.328915571 382960 382968
   12.337036366 525704 525712
   12.338027806 622912 622920
   12.362860408 670032 670040
   12.376377878 473760 473768
   12.398373243 676888 676896
   12.398601122 529064 529072
   12.406777799 690192 690200
   12.406994036 308056 308064
   12.418455162 519384 519392
   12.422130332 331704 331712
   12.423490160 432504 432512
   12.426573854 513152 513160
   12.428179218 621408 621416
   12.452322590 391528 391536
   12.476579328 562328 562336
   12.486481766 679688 679696
   12.488927841 582368 582376
   12.490107919 575824 575832
   12.492510519 312936 312944
   12.496295663 337424 337432
   12.496486905 344560 344568
   12.518106098 603544 603552
   12.518424757 334368 334376
   12.529584644 403512 403520
   12.531698938 408312 408320
   12.534295553 601608 601616
   12.575761225 363032 363040
   12.596940884 706744 706752
   12.601782380 524992 525000
   12.602091509 648776 648784
   12.647184602 640928 640936
   12.647446685 478184 478192
   12.665754292 689736 689744
   12.665977444 604400 604408
   12.684694555 341256 341264
   12.685045482 400504 400512
   12.685360042 506232 506240
   12.685858732 601936 601944
   12.708203851 423016 423024
   12.708481556 706840 706848
   12.715954441 303000 303008
   12.716389035 354512 354520
   12.725822924 616392 616400
   12.737311237 377544 377552
   12.739585064 445288 445296
   12.772906270 428160 428168
   12.804077264 374264 374272
   12.809622128 398432 398440
   12.838477542 667904 667912
   12.842516237 567016 567024
   12.858826289 340960 340968
   12.891873276 641384 641392
   12.904089063 687016 687024
   12.914235820 393448 393456
   12.935854507 553224 553232
   12.939921496 482520 482528
   12.941259696 618928 618936
   12.951575783 462368 462376
   12.968910992 600544 600552
   12.992152886 567960 567968
   12.997565570 388056 388064
   13.012620184 317320 317328
   13.024419132 617176 617184
   13.035535202 359032 359040
   13.035814177 522992 523000
   13.047419884 546184 546192
   13.047857923 689144 689152
   13.051591363 408640 408648
   13.054546715 345664 345672
   13.054920735 424928 424936
   13.055724557 415640 415648
   13.059894637 490576 490584
   13.067377646 518384 518392
   13.067651712 572264 572272
   13.090216609 573704 573712
   13.113796435 564912 564920
   13.114157890 634208 634216
   13.129378125 607600 607608
   13.137729360 540624 540632
   13.173927895 547736 547744
   13.174301834 430928 430936
   13.174552466 557368 557376
   13.174833329 306680 306688
   13.186088823 377528 377536
   13.203189566 543040 543048
   13.203507718 516440 516448
   13.214224182 377872 377880
   13.242395754 599296 599304
   13.242610257 660128 660136
   13.256823313 503088 503096
   13.268375906 525024 525032
   13.279526820 449144 449152
   13.293900134 412320 412328
   13.299322098 531136 531144
   13.349076788 683488 683496
   13.354892000 500928 500936
   13.370083246 389944 389952
   13.370590722 350416 350424
   13.370993707 413144 413152
   13.374655476 577192 577200
   13.400110203 694904 694912
   13.400444277 514624 514632
   13.400844400 613992 614000
   13.424467951 356528 356536
   13.424926960 448920 448928
   13.437802207 312472 312480
   13.438170314 362664 362672
   13.438577048 515152 515160
   13.486054308 604448 604456
   13.489032822 338416 338424
   13.536572747 592848 592856
   13.537033224 300624 300632
   13.559293452 467392 467400
   13.567341125 640632 640640
   13.579968872 469272 469280
   13.614602853 344672 344680
   13.614911189 579944 579952
   13.626933750 327568 327576
   13.643339433 311840 311848
   13.643674709 333304 333312
   13.653947642 330728 330736
   13.684215160 327496 327504
   13.690410680 543272 543280
   13.703840597 401016 401024
   13.707658152 445304 445312
   13.710664005 362320 362328
   13.712572453 591200 591208
   13.735183558 312968 312976
   13.753605484 706400 706408
   13.758071123 646424 646432
   13.758451532 580344 580352
   13.760742714 673016 673024
   13.774993199 422176 422184
   13.787552455 639192 639200
   13.808375739 369968 369976
   13.808622801 397504 397512
   13.825532637 474000 474008
   13.826378637 420400 420408
   13.836545576 364256 364264
   13.836757423 634528 634536
   13.838423012 450576 450584
   13.846989728 395672 395680
   13.853177079 491296 491304
   13.867014897 370088 370096
   13.897533119 370896 370904
   13.917923800 580616 580624
   13.920963011 549336 549344
   13.933270391 649352 649360
   13.944637629 613432 613440
   13.954262020 657248 657256
   13.987964406 347336 347344
   13.988266216 583336 583344
   14.030351992 680880 680888
   14.055900976 465872 465880
   14.064855274 456672 456680
   14.076837943 667184 667192
   14.102739790 629008 629016
   14.103219312 347208 347216
   14.103663572 707456 707464
   14.107565371 364216 364224
   14.117327071 356848 356856
   14.117575679 628368 628376
   14.131333833 304240 304248
   14.131762665 413552 413560
   14.132085015 548920 548928
   14.156084462 511336 511344
   14.163129815 473792 473800
   14.163448696 704760 704768
   14.179812575 626160 626168
   14.180712529 656904 656912
   14.181480740 420848 420856
   14.216788135 398616 398624
   14.217204046 450400 450408
   14.219638617 442240 442248
   14.244715910 495552 495560
   14.295690445 566792 566800
   14.295986962 387560 387568
   14.315301068 577704 577712
   14.323353782 523720 523728
   14.336647753 627928 627936
   14.348213248 398472 398480
   14.379379615 613792 613800
   14.388804467 610472 610480
   14.392117643 347344 347352
   14.394864464 391816 391824
   14.395276441 582104 582112
   14.406182174 612096 612104
   14.406655210 544560 544568
   14.406872130 481352 481360
   14.415531111 522504 522512
   14.415961644 476152 476160
   14.416344380 514160 514168
   14.433377867 335312 335320
   14.434086869 315664 315672
   14.452264907 579952 579960
   14.452680200 533192 533200
   14.453072149 660272 660280
   14.460319023 677648 677656
   14.471436311 618568 618576
   14.483976241 451928 451936
   14.487431355 368368 368376
   14.487820441 399056 399064
   14.505840619 508392 508400
   14.517758577 416328 416336
   15.054235864 705976 705984
   15.054720561 471296 471304
   15.056455677 646264 646272
   15.056830607 684952 684960
   15.057577987 489040 489048
   15.065079303 351664 351672
   15.065392728 645816 645824
   15.072187949 540056 540064
   15.091530103 360208 360216
   15.091991832 688464 688472
   15.132275724 417504 417512
   15.132562050 309368 309376
   15.139331806 545512 545520
   15.139666869 597056 597064
   15.140193104 573936 573944
   15.159261496 354880 354888
   15.159490588 350648 350656
   15.159808777 624688 624696
   15.182715068 582720 582728
   15.197780750 541608 541616
   15.203870143 335680 335688
   15.212971616 328952 328960
   15.223728927 612352 612360
   15.254115345 629368 629376
   15.254618981 682416 682424
   15.254853193 426416 426424
   15.255117442 699984 699992
   15.264808508 411616 411624
   15.267008709 466168 466176
   15.267424128 600688 600696
   15.267801819 370504 370512
   15.276181804 388328 388336
   15.276463992 479928 479936
   15.307179912 637008 637016
   15.307398130 387568 387576
   15.307583066 387048 387056
   15.307759423 549616 549624
   15.307959803 668824 668832
   15.308159206 370864 370872
   15.308340776 441848 441856
   15.308530599 520752 520760
   15.311836163 547464 547472
   15.312113820 480544 480552
   15.319839747 342840 342848
   15.329677782 355336 355344
   15.329960972 471448 471456
   15.330230779 615384 615392
   15.330606718 634888 634896
   15.330946798 619368 619376
   15.339229466 650904 650912
   15.339518562 396632 396640
   15.354259391 565984 565992
   15.354546656 442976 442984
   15.359398881 447656 447664
   15.359890007 511624 511632
   15.362613609 456168 456176
   15.370968085 551272 551280
   15.371250146 605072 605080
   15.377827262 584704 584712
   15.378129710 606160 606168
   15.378331053 301768 301776
   15.378524746 359816 359824
   15.389774043 335648 335656
   15.390013737 609016 609024
   15.390236034 354368 354376
   15.390455226 383008 383016
   15.390650298 687528 687536
   15.390868634 541360 541368
   15.406393550 596416 596424
   15.420981279 365616 365624
   15.421216139 439856 439864
   15.421431770 500048 500056
   15.421643816 537776 537784
   15.428056210 602248 602256
   15.453478488 514152 514160
   15.459328807 550664 550672
   15.459611722 497024 497032
   15.478999701 360640 360648
   15.479725043 677728 677736
   15.480012846 694192 694200
   15.480694243 476008 476016
   15.481095402 596608 596616
   15.481314823 408768 408776
   15.491945494 422712 422720
   15.492184349 648792 648800
   15.492368306 330112 330120
   15.492550729 493904 493912
   15.492728169 309032 309040
   15.492906725 325304 325312
   15.509711727 390160 390168
   15.518174666 520248 520256
   15.525295473 404848 404856
   15.525628620 497168 497176
   15.526147938 660368 660376
   15.535492983 699264 699272
   15.537930865 360416 360424
   15.539466809 695936 695944
   15.541028119 313768 313776
   15.542442691 534936 534944
   15.546702859 697856 697864
   15.557759589 623512 623520
   15.558061675 597768 597776
   15.562009604 395304 395312
   15.573011633 596776 596784
   15.573278172 339624 339632
   15.592886239 395608 395616
   15.616476909 339952 339960
   15.628976508 321920 321928
   15.655979278 696344 696352
   15.663229377 459608 459616
   15.663503146 677320 677328
   15.681582501 614488 614496
   15.707628177 545672 545680
   15.707910060 567568 567576
   15.712210429 375184 375192
   15.716163235 643560 643568
   15.718125891 507528 507536
   15.718307642 420416 420424
   15.718483995 432920 432928
   15.739086082 678968 678976
   15.739359073 508072 508080
   15.757966781 524960 524968
   15.768475646 584680 584688
   15.787372005 459328 459336
   15.791193532 608432 608440
   15.793445776 334472 334480
   15.793733254 312552 312560
   15.806517803 593848 593856
   15.806894026 469528 469536
   15.807276509 559624 559632
   15.818400761 672144 672152
   15.820507935 598176 598184
   15.824567054 397456 397464
   15.837382147 704912 704920
   15.845271859 515512 515520
   15.855999662 444000 444008
   15.860079941 501640 501648
   15.875661336 383744 383752
   15.882631949 616632 616640
   15.882893981 451584 451592
   15.913207618 317376 317384
   15.913711475 696328 696336
   15.922086746 668144 668152
   15.936824426 524456 524464
   15.937196728 396960 396968
   15.947185445 539400 539408
   15.962621114 668288 668296
   15.962944406 329128 329136
   15.977755439 472464 472472
   15.991971765 600608 600616
   15.992278223 697128 697136
   15.993589736 477056 477064
   16.022335927 481264 481272
   16.022625227 408664 408672
   16.022850761 615488 615496
   16.023062387 574920 574928
   16.028123062 548952 548960
   16.028452066 568648 568656
   16.031277991 429248 429256
   16.033794019 443184 443192
   16.039293673 429672 429680
   16.039576791 634992 635000
   16.046570914 380656 380664
   16.058861370 337912 337920
   16.106191371 627744 627752
   16.124457041 419360 419368
   16.183346799 462496 462504
   16.183696445 610776 610784
   16.183991815 352896 352904
   16.215925717 506104 506112
   16.228085746 375648 375656
   16.228396717 419208 419216
   16.248796814 582488 582496
   16.249110297 327504 327512
   16.285261114 576168 576176
   16.291766018 656136 656144
   16.300729585 492584 492592
   16.304731060 471272 471280
   16.325762934 702992 703000
   16.326133096 659040 659048
   16.326372130 647552 647560
   16.334488207 687608 687616
   16.338324946 573048 573056
   16.340550444 676480 676488
   16.360025456 394432 394440
   16.380615550 692216 692224
   16.380878863 601696 601704
   16.385181633 676128 676136
   16.387293843 656280 656288
   16.399432191 707528 707536
   16.399716770 704720 704728
   16.410733886 380784 380792
   16.461595289 644592 644600
   16.473265754 436824 436832
   16.487189727 326056 326064
   16.487648242 395904 395912
   16.488014865 481416 481424
   16.494325467 608424 608432
   16.507572496 702792 702800
   16.507901841 595528 595536
   16.536759685 565520 565528
   16.546196189 670608 670616
   16.554490141 708328 708336
   16.566408672 611104 611112
   16.567145661 337376 337384
   16.677352537 576592 576600
   16.678172727 490832 490840
   16.828689520 410696 410704
   16.874178475 562784 562792
   16.901700085 587952 587960
   16.946088694 455440 455448
   16.980394852 510400 510408
   16.988538246 600528 600536
   16.988882563 326960 326968
   17.016787178 681960 681968
   17.040202526 471000 471008
   17.043193507 477264 477272
   17.050958868 551264 551272
   17.051217503 383024 383032
   17.051432178 331368 331376
   17.067590172 635312 635320
   17.113956391 304192 304200
   17.122723400 436936 436944
   17.124376156 459696 459704
   17.125086756 625144 625152
   17.141507281 449632 449640
   17.142983068 578856 578864
   17.143264690 514736 514744
   17.143721218 450424 450432
   17.182256639 670648 670656
   17.182469383 614680 614688
   17.182641363 398352 398360
   17.182807609 550544 550552
   17.182985234 588552 588560
   17.211640394 607016 607024
   17.211925825 479104 479112
   17.212189941 472312 472320
   17.212450778 314136 314144
   17.212712295 376632 376640
   17.212973770 481088 481096
   17.249368149 586368 586376
   17.249743334 651488 651496
   17.250046220 474792 474800
   17.250425260 558760 558768
   17.250791881 513000 513008
   17.271188265 678128 678136
   17.271518416 488552 488560
   17.276196469 496600 496608
   17.276419909 708600 708608
   17.276693436 664192 664200
   17.291894769 484272 484280
   17.292422112 677616 677624
   17.292822376 637792 637800
   17.338219196 500752 500760
   17.338465941 495608 495616
   17.339110402 454112 454120
   17.352454406 419000 419008
   17.359498024 635400 635408
   17.359789377 324304 324312
   17.359993338 553256 553264
   17.374142265 357368 357376
   17.374398934 422592 422600
   17.390216415 469872 469880
   17.390541816 677488 677496
   17.390746214 599040 599048
   17.397143376 647672 647680
   17.430977686 675256 675264
   17.431320555 637152 637160
   17.439109921 433360 433368
   17.443705478 438752 438760
   17.453759443 642152 642160
   17.460728610 492864 492872
   17.469354256 506048 506056
   17.480336043 486432 486440
   17.491864139 364808 364816
   17.492253033 308152 308160
   17.492630650 490792 490800
   17.501793667 641040 641048
   17.502331209 351472 351480
   17.502692701 396880 396888
   17.508087787 568888 568896
   17.508440911 609240 609248
   17.508796940 618904 618912
   17.509159965 625440 625448
   17.524278950 370112 370120
   17.524948601 535720 535728
   17.525286599 393192 393200
   17.525633238 413680 413688
   17.530210197 550192 550200
   17.536358801 579984 579992
   17.536732850 458728 458736
   17.537009961 645024 645032
   17.548097896 481896 481904
   17.570321235 386056 386064
   17.575368456 595496 595504
   17.575738713 563640 563648
   17.578846657 693144 693152
   17.588142579 554104 554112
   17.595838208 590648 590656
   17.596108129 371112 371120
   17.596321645 593880 593888
   17.596588505 489936 489944
   17.596809536 317224 317232
   17.639716352 594104 594112
   17.640044652 313320 313328
   17.640282568 375024 375032
   17.640539482 679320 679328
   17.643634395 386104 386112
   17.643913071 463064 463072
   17.644172000 463688 463696
   17.644502600 450680 450688
   17.659004845 684928 684936
   17.695090457 527160 527168
   17.700800891 559760 559768
   17.701150120 430480 430488
   17.701406965 629496 629504
   17.701719870 473864 473872
   17.702029437 612216 612224
   17.720959158 467584 467592
   17.743857509 443936 443944
   17.744511377 648880 648888
   17.744723263 483856 483864
   17.744915777 415328 415336
   17.764780551 359448 359456
   17.765560829 563816 563824
   18.077582881 654264 654272
   18.077928273 477768 477776
   18.078187122 517384 517392
   18.087045735 387808 387816
   18.087585293 446120 446128
   18.092428607 378080 378088
   18.110854961 424816 424824
   18.116680144 309448 309456
   18.122666866 664984 664992
   18.123005581 459600 459608
   18.123357848 555240 555248
   18.123732447 359952 359960
   18.124022069 502376 502384
   18.124348314 400640 400648
   18.142259365 330656 330664
   18.153139895 672424 672432
   18.186594131 708296 708304
   18.186936105 676928 676936
   18.200919526 667712 667720
   18.223697698 305896 305904
   18.242193518 325064 325072
   18.300116379 543736 543744
   18.300488577 611600 611608
   18.301286965 604232 604240
   18.301571541 651344 651352
   18.314248217 366408 366416
   18.326906974 480528 480536
   18.327143869 638024 638032
   18.343881010 614568 614576
   18.344209885 693160 693168
   18.344482278 486208 486216
   18.345067705 677696 677704
   18.356089944 342432 342440
   18.368129641 315504 315512
   18.368504971 382656 382664
   18.378874045 624208 624216
   18.379205577 504224 504232
   18.379477782 386720 386728
   18.379731560 578936 578944
   18.380006450 653864 653872
   18.398280809 496328 496336
   18.398730822 692936 692944
   18.398939995 367968 367976
   18.399147459 698232 698240
   18.409276998 686768 686776
   18.421799445 648032 648040
   18.437394803 691296 691304
   18.451585214 558072 558080
   18.463750903 414344 414352
   18.464452609 527704 527712
   18.465067743 386616 386624
   18.465277052 430952 430960
   18.465635855 601584 601592
   18.465967581 320576 320584
   18.466322374 637504 637512
   18.466717388 610696 610704
   18.469399171 662504 662512
   18.480039039 536216 536224
   18.490527200 386688 386696
   18.494898061 329704 329712
   18.495205396 325528 325536
   18.524623981 489968 489976
   18.532673539 698912 698920
   18.533157719 626280 626288
   18.533369797 639272 639280
   18.533781489 647536 647544
   18.545138579 628000 628008
   18.557743218 541856 541864
   18.573441533 678736 678744
   18.590334950 673464 673472
   18.612588827 589296 589304
   18.617290729 339744 339752
   18.655314286 556464 556472
   18.655633624 401232 401240
   18.679450708 511000 511008
   18.680065917 304536 304544
   18.684563820 696712 696720
   18.684902724 483768 483776
   18.685267016 535320 535328
   18.685574349 392400 392408
   18.690191381 614712 614720
   18.690506037 387728 387736
   18.690811094 435040 435048
   18.713048470 404664 404672
   18.713262693 680888 680896
   18.713448589 429968 429976
   18.747088619 324112 324120
   18.760527036 586640 586648
   18.760874352 562808 562816
   18.761143879 422320 422328
   18.769584708 650288 650296
   18.795418108 444696 444704
   18.795778073 619560 619568
   18.811039769 525800 525808
   18.816415344 488480 488488
   18.818053567 642848 642856
   18.819354232 422448 422456
   18.840243741 691880 691888
   18.840579681 377912 377920
   18.867375491 493656 493664
   18.868049587 349256 349264
   18.882109494 369320 369328
   18.895169996 328400 328408
   18.912368152 571464 571472
   18.912658436 521944 521952
   18.912896608 328408 328416
   18.921486885 626664 626672
   18.932857888 432216 432224
   18.934230449 430120 430128
   18.945501092 488120 488128
   18.945734558 588248 588256
   18.958703942 366872 366880
   18.962030072 643656 643664
   18.963669343 308744 308752
   18.968271933 596328 596336
   18.985350315 527640 527648
   18.997045701 631464 631472
   19.005665786 650832 650840
   19.005900182 550368 550376
   19.016864362 599184 599192
   19.019662057 370488 370496
   19.020094052 403368 403376
   19.025126605 392880 392888
   19.037598895 458248 458256
   19.037884038 493960 493968
   19.048712107 310792 310800
   19.063842141 627528 627536
   19.075424529 661512 661520
   19.089958263 324688 324696
   19.090211439 342216 342224
   19.101515960 649808 649816
   19.109421828 377320 377328
   19.109708924 443152 443160
   19.158780938 307072 307080
   19.159074978 562312 562320
   19.167908728 414232 414240
   19.188179309 695536 695544
   19.188416076 443416 443424
   19.188591263 410592 410600
   19.188763648 409328 409336
   19.193252823 358168 358176
   19.193529977 569248 569256
   19.205831840 518056 518064
   19.206087220 541424 541432
   19.213042955 548992 549000
   19.239572885 311648 311656
   19.239830823 618224 618232
   19.251990487 534168 534176
   19.279151836 308640 308648
   19.290073594 483776 483784
   19.290490551 663696 663704
   19.294179342 476624 476632
   19.296411522 338288 338296
   19.318165375 504080 504088
   19.318526738 655344 655352
   19.330634677 541912 541920
   19.331909230 690824 690832
   19.342266379 677936 677944
   19.342530224 350616 350624
   19.390541757 616152 616160
   19.740072812 656320 656328
   19.788761464 442832 442840
   19.789371886 615392 615400
   19.886099383 367328 367336
   19.886455998 683120 683128
   19.886711541 658056 658064
   19.899060582 424648 424656
   19.899464366 368208 368216
   19.899838876 361056 361064
   19.912164091 581688 581696
   19.929107241 370096 370104
   19.929999572 548592 548600
   19.930225734 537360 537368
   19.936005099 670328 670336
   19.944511915 564640 564648
   19.944909660 430608 430616
   19.950489178 649528 649536
   19.950692322 514672 514680
   19.951024035 376520 376528
   19.951194333 335280 335288
   19.951377955 479984 479992
   19.962251290 594088 594096
   19.977118425 358424 358432
   19.995711926 451936 451944
   19.996012435 576200 576208
   19.996301398 419296 419304
   20.001707770 397256 397264
   20.013514314 511504 511512
   20.029502097 371080 371088
   20.029845619 666984 666992
   20.041094593 630448 630456
   20.041664043 351632 351640
   20.049585359 546936 546944
   20.062876325 397072 397080
   20.063055672 587776 587784
   20.082603791 486080 486088
   20.093365686 549640 549648
   20.093682891 330832 330840
   20.093925345 406064 406072
   20.111518779 414440 414448
   20.111817359 480448 480456
   20.117611373 631800 631808
   20.117829746 329688 329696
   20.118132889 629584 629592
   20.118363060 380480 380488
   20.118637393 555688 555696
   20.118906945 613568 613576
   20.126221708 588056 588064
   20.132255419 303136 303144
   20.135984046 560872 560880
   20.136298607 505904 505912
   20.136582615 437800 437808
   20.137138019 454352 454360
   20.137409558 412296 412304
   20.137682376 374696 374704
   20.148430389 391616 391624
   20.160649869 560032 560040
   20.170028274 459632 459640
   20.173846002 451720 451728
   20.174102598 521376 521384
   20.185846000 366744 366752
   20.186108130 642696 642704
   20.186419242 521408 521416
   20.186804077 414136 414144
   20.187124022 516600 516608
   20.187425605 398592 398600
   20.187954758 607112 607120
   20.188189714 525184 525192
   20.198965464 496944 496952
   20.207756560 327144 327152
   20.208016599 600536 600544
   20.208495062 414432 414440
   20.213817678 477400 477408
   20.226850487 581536 581544
   20.227128053 389888 389896
   20.236025941 399200 399208
   20.241563435 621912 621920
   20.251278254 315656 315664
   20.251655483 615056 615064
   20.266608230 369608 369616
   20.266951893 416728 416736
   20.287762520 499072 499080
   20.288045213 558456 558464
   20.288337664 311712 311720
   20.288693546 576480 576488
   20.289025779 326608 326616
   20.297854368 420384 420392
   20.306896164 387016 387024
   20.307211066 412192 412200
   20.307464247 527240 527248
   20.330222268 605832 605840
   20.338151524 461720 461728
   20.356482682 419128 419136
   20.356778170 708512 708520
   20.357052974 422456 422464
   20.357563855 366880 366888
   20.368274811 308480 308488
   20.381558806 409360 409368
   20.395559202 322016 322024
   20.432805190 338096 338104
   20.437728812 468352 468360
   20.720158183 535336 535344
   20.839047690 530312 530320
   20.841735351 384200 384208
   20.842013283 666664 666672
   20.851940439 509888 509896
   20.852199918 522024 522032
   20.862328148 554376 554384
   20.862681642 593488 593496
   20.863022079 540824 540832
   20.867735812 320560 320568
   20.868027098 301376 301384
   20.871112447 402416 402424
   20.871423244 393728 393736
   20.877048688 658168 658176
   20.877449907 432520 432528
   20.877853733 587184 587192
   20.878243372 384304 384312
   20.878600857 642616 642624
   20.879148520 303920 303928
   20.879674971 488920 488928
   20.879950666 618384 618392
   20.880155315 562600 562608
   20.880375061 494992 495000
   20.880564578 704840 704848
   20.880749667 352848 352856
   20.882367494 405440 405448
   20.914850470 666040 666048
   20.926702609 499960 499968
   20.927004786 545728 545736
   20.928185520 380896 380904
   20.928489072 317448 317456
   20.936242913 352536 352544
   20.936479191 517752 517760
   20.937326132 558080 558088
   20.937714460 500056 500064
   20.938129843 537288 537296
   20.938411719 707392 707400
   20.938628755 425784 425792
   20.968959980 698920 698928
   20.969372564 600872 600880
   20.969605907 637656 637664
   20.975718185 525232 525240
   21.005709929 686416 686424
   21.033909674 639736 639744
   21.082718310 419768 419776
   21.092649655 655088 655096
   21.101351851 437472 437480
   21.101773306 393624 393632
   21.109703019 672152 672160
   21.119605798 447352 447360
   21.119969063 451344 451352
   21.121353904 491352 491360
   21.121627279 432032 432040
   21.125241977 527256 527264
   21.125511667 563648 563656
   21.125799718 427936 427944
   21.151685281 628584 628592
   21.152011531 459752 459760
   21.161604452 406576 406584
   21.166625577 630552 630560
   21.167362580 656592 656600
   21.179133519 627024 627032
   21.179566985 688128 688136
   21.179890268 675776 675784
   21.189156062 396768 396776
   21.189741537 546112 546120
   21.199726327 590080 590088
   21.199988331 342424 342432
   21.204809043 563608 563616
   21.205220248 435864 435872
   21.216280403 604240 604248
   21.216574581 554904 554912
   21.244825040 466184 466192
   21.286993914 343880 343888
   21.287804801 307312 307320
   21.293746212 661824 661832
   21.314088027 523792 523800
   21.314509055 703808 703816
   21.324950424 584712 584720
   21.325267094 490048 490056
   21.334104015 386704 386712
   21.334609236 454896 454904
   21.339263045 409808 409816
   21.339819801 621944 621952
   21.340050808 507992 508000
   21.348678125 564704 564712
   21.349064650 603360 603368
   21.354534572 577520 577528
   21.354838166 584432 584440
   21.355088999 543000 543008
   21.360742417 568256 568264
   21.379469311 341672 341680
   21.404946518 440920 440928
   21.405325958 550496 550504
   21.405875322 514432 514440
   21.406251850 444824 444832
   21.425479891 588888 588896
   21.425812519 444752 444760
   21.437125673 704928 704936
   21.446827566 497152 497160
   21.447340981 303040 303048
   21.451104383 519648 519656
   21.462202446 476416 476424
   21.462453522 431968 431976
   21.474764893 363136 363144
   21.489625096 534048 534056
   21.499475851 371224 371232
   21.510911166 622136 622144
   21.512315040 420560 420568
