    1.460472551 299088 299120
    1.515825453 323792 323800
    1.922125370 602304 602312
    1.922376478 644448 644456
    1.948262329 463704 463712
    1.956344888 643200 643208
    1.957423065 326456 326464
    1.964056430 565792 565800
    1.966633450 400208 400216
    1.975568097 459848 459856
    1.975741276 528040 528048
    1.979434557 447240 447248
    1.989241414 552840 552848
    2.001234022 622640 622648
    2.004417161 628552 628560
    2.011103531 644600 644608
    2.018193221 692320 692328
    2.028928728 317464 317472
    2.029691503 313656 313664
    2.029967874 443112 443120
    2.035581262 604168 604176
    2.036091071 339968 339976
    2.043140603 321088 321096
    2.044115893 438824 438832
    2.053873814 705800 705808
    2.065765267 433312 433320
    2.075337417 481368 481376
    2.076130224 313776 313784
    2.080487309 573352 573360
    2.080834791 396760 396768
    2.082744144 325496 325504
    2.083040294 483248 483256
    2.083261992 325272 325280
    2.083581318 356688 356696
    2.093415203 318392 318400
    2.101391736 472024 472032
    2.109496351 643464 643472
    2.115520950 416616 416624
    2.124753981 607144 607152
    2.131448962 650464 650472
    2.145060521 483088 483096
    2.155047243 617168 617176
    2.158028677 395480 395488
    2.169443259 389632 389640
    2.175746324 664680 664688
    2.184523646 381800 381808
    2.195477701 535776 535784
    2.196801011 410888 410896
    2.202952923 595992 596000
    2.203771791 654712 654720
    2.210791283 600792 600800
    2.217348398 380840 380848
    2.227358147 490928 490936
    2.238290463 327200 327208
    2.238513005 552232 552240
    2.249362882 576944 576952
    2.256730119 560216 560224
    2.268259360 567624 567632
    2.273101787 689536 689544
    2.277988177 685448 685456
    2.288243933 498624 498632
    2.290112507 635768 635776
    2.297207194 329104 329112
    2.308044527 378784 378792
    2.315188983 667528 667536
    2.322661539 621072 621080
    2.334172877 629848 629856
    2.338917588 650768 650776
    2.339653066 470920 470928
    2.347102292 598208 598216
    2.353359852 697056 697064
    2.357651590 616576 616584
    2.366554804 385344 385352
    2.376753870 627720 627728
    2.388614337 466408 466416
    2.395410092 543104 543112
    2.402566692 441496 441504
    2.413910589 702816 702824
    2.424793754 702696 702704
    2.425891239 595448 595456
    2.429564232 609904 609912
    2.435283636 562392 562400
    2.441132155 364824 364832
    2.449631799 507664 507672
    2.457944322 349064 349072
    2.463845084 342760 342768
    2.468271692 459792 459800
    2.478388415 600600 600608
    2.483361524 351280 351288
    2.511233766 659408 659416
    2.518562713 317912 317920
    2.524040139 322320 322328
    2.526069670 458808 458816
    2.545287173 516680 516688
    2.558353163 324336 324344
    2.573554899 564208 564216
    2.591528396 617752 617760
    2.601527643 466400 466408
    2.603544535 705896 705904
    2.616298372 523408 523416
    2.641899873 594784 594792
    2.655871665 568200 568208
    2.665600656 448408 448416
    2.668479429 680792 680800
    2.690474724 384584 384592
    2.694990900 692448 692456
    2.712032464 594712 594720
    2.712430695 685520 685528
    2.712589679 333792 333800
    2.730361947 564728 564736
    2.730618197 659232 659240
    2.730895939 700256 700264
    2.737191862 538992 539000
    2.744709066 541680 541688
    2.756505644 342232 342240
    2.764904418 697248 697256
    2.773771945 622920 622928
    2.779812106 467232 467240
    2.788246913 476448 476456
    2.794011846 557384 557392
    2.803233203 678808 678816
    2.813800045 389112 389120
    2.824909667 339120 339128
    2.832603996 666968 666976
    2.837492368 541344 541352
    2.837694445 445776 445784
    2.850440336 328536 328544
    2.878989911 346744 346752
    2.882123801 479920 479928
    2.893526602 357640 357648
    2.917592423 560608 560616
    2.927361968 526040 526048
    2.933116367 521928 521936
    2.940511277 655016 655024
    2.944449067 643488 643496
    2.954991693 503768 503776
    2.962757761 406368 406376
    2.972266377 354048 354056
    2.976937142 354752 354760
    2.986199458 326032 326040
    3.008118978 321776 321784
    3.017072976 593224 593232
    3.036710599 596464 596472
    3.044468904 315592 315600
    3.055984113 616096 616104
    3.478388732 504032 504040
    3.532945853 621200 621208
    3.577477589 317160 317168
    3.592532209 554696 554704
    3.646957796 508696 508704
    3.655722526 428608 428616
    3.662334801 401800 401808
    3.671951746 524640 524648
    3.680608589 589056 589064
    3.682412507 489048 489056
    3.693613337 657632 657640
    3.699764256 636488 636496
    3.706259837 571176 571184
    3.714667205 584312 584320
    3.719499869 338992 339000
    3.722659168 530296 530304
    3.732596065 456080 456088
    3.737816299 373080 373088
    3.844514672 473144 473152
    3.896059732 313448 313456
    3.904149854 623664 623672
    3.911972130 463024 463032
    3.920050951 603216 603224
    3.929552659 520848 520856
    3.934198273 682760 682768
    3.938578814 366776 366784
    3.943166102 675808 675816
    3.953018868 324496 324504
    3.953936554 555128 555136
    3.954253338 456352 456360
    3.954493930 702808 702816
    3.957325832 341920 341928
    3.965118965 462176 462184
    3.975315124 682016 682024
    3.976036462 472664 472672
    3.985621642 564800 564808
    3.985946738 442680 442688
    3.991808144 624224 624232
    3.993097212 564112 564120
    3.993567361 373976 373984
    3.994156285 487208 487216
    3.994576987 355448 355456
    3.994894593 639656 639664
    4.001305593 541272 541280
    4.001503283 398056 398064
    4.006874162 475616 475624
    4.017521122 369648 369656
    4.018295881 381208 381216
    4.027640958 490520 490528
    4.037246783 537952 537960
    4.041990128 353504 353512
    4.042188657 346704 346712
    4.049023608 360200 360208
    4.059303245 333392 333400
    4.075458709 678632 678640
    4.075802145 621776 621784
    4.085293343 551584 551592
    4.089835094 589528 589536
    4.092700050 579904 579912
    4.097874351 483072 483080
    4.098793168 366344 366352
    4.099360559 657176 657184
    4.100594201 616176 616184
    4.101712617 412144 412152
    4.112045145 598160 598168
    4.120690382 328352 328360
    4.131466855 578752 578760
    4.143951860 502136 502144
    4.155009299 339136 339144
    4.158044249 645192 645200
    4.161000453 438576 438584
    4.168904073 548520 548528
    4.176990215 507248 507256
    4.177996925 472080 472088
    4.178237638 330352 330360
    4.185291984 434152 434160
    4.192645969 525792 525800
    4.198615113 301832 301840
    4.203625460 432968 432976
    4.204267722 446624 446632
    4.213726132 347400 347408
    4.218503143 330920 330928
    4.218707836 468544 468552
    4.230764451 505368 505376
    4.240191858 618744 618752
    4.250997754 658688 658696
    4.258823643 570744 570752
    4.271054093 659752 659760
    4.296166114 504608 504616
    4.302173994 423392 423400
    4.305972126 506000 506008
    4.324689651 351096 351104
    4.336696579 432936 432944
    4.336923972 675328 675336
    4.354747750 343528 343536
    4.361290167 685040 685048
    4.370281668 637480 637488
    4.376770345 551744 551752
    4.392956752 632552 632560
    4.404443281 646048 646056
    4.411248259 694672 694680
    4.417318986 380720 380728
    4.431742948 484968 484976
    4.437178333 339360 339368
    4.437379152 562056 562064
    4.440694678 671784 671792
    4.443014223 647760 647768
    4.443255228 585792 585800
    4.443452693 512968 512976
    4.450218570 336168 336176
    4.456101582 350392 350400
    4.466965987 654504 654512
    4.482727303 378056 378064
    4.496682759 684424 684432
    4.499624388 484896 484904
    4.519049821 699048 699056
    4.526067216 484056 484064
    4.539091558 480584 480592
    4.555745678 565968 565976
    4.566785424 677528 677536
    4.571182456 462768 462776
    4.577674738 618272 618280
    4.578047648 509480 509488
    4.592040774 521216 521224
    4.605248174 402488 402496
    4.611175883 398504 398512
    4.619736090 356768 356776
    4.626097440 644048 644056
    4.633330440 460064 460072
    4.657918396 358128 358136
    4.658206523 681792 681800
    4.666953321 591936 591944
    4.684543807 553792 553800
    4.693676143 583864 583872
    4.701854024 634760 634768
    4.712226109 560592 560600
    4.718969003 558640 558648
    4.732649888 600384 600392
    4.740790965 606688 606696
    4.756039526 310664 310672
    4.767727153 315608 315616
    4.775129850 677888 677896
    4.778124177 596816 596824
    4.783438405 489896 489904
    4.801812126 487312 487320
    4.807758998 533688 533696
    4.819193909 491736 491744
    4.824657672 321936 321944
    4.833144956 544024 544032
    4.858494593 361824 361832
    4.871097657 684528 684536
    4.884646507 489432 489440
    4.886272466 621552 621560
    4.891503762 347872 347880
    4.902841582 560696 560704
    4.914535575 325728 325736
    4.933273627 479568 479576
    4.951591644 613608 613616
    4.973073914 444808 444816
    5.004140681 307848 307856
    5.013165944 478928 478936
    5.030212430 316656 316664
    5.041287494 609192 609200
    5.053694239 304264 304272
    5.059474937 465000 465008
    5.067815883 623560 623568
    5.072868383 488704 488712
    5.082878017 655816 655824
    5.095101902 583640 583648
    5.095333485 506800 506808
    5.104063852 603048 603056
    5.126618002 391048 391056
    5.138473489 512232 512240
    5.152447182 467336 467344
    5.164171330 653176 653184
    5.284707007 319832 319840
    5.389275952 470048 470056
    5.401985121 602480 602488
    5.402150278 427656 427664
    5.417541582 691200 691208
    5.425689888 574312 574320
    5.442216584 487216 487224
    5.443382973 566888 566896
    5.487199283 329440 329448
    5.499554937 463880 463888
    5.499735018 598496 598504
    5.503841071 678312 678320
    5.514622592 668808 668816
    5.526762020 591408 591416
    5.527033392 636880 636888
    5.533757421 552568 552576
    5.541138953 485784 485792
    5.541411713 365136 365144
    5.545678562 628600 628608
    5.553310049 563376 563384
    5.553766886 372232 372240
    5.562608330 311352 311360
    5.571230946 576472 576480
    5.582848762 704288 704296
    5.596191208 436480 436488
    5.605457517 316768 316776
    5.605662043 444528 444536
    5.605919723 690248 690256
    5.606293683 567160 567168
    5.611379778 665016 665024
    5.619711365 306520 306528
    5.626577324 485384 485392
    5.626956442 543032 543040
    5.636283263 403952 403960
    5.640821701 513528 513536
    5.651465605 518624 518632
    5.660698912 636096 636104
    5.660898173 492016 492024
    5.667154866 670928 670936
    5.674030850 432632 432640
    5.681953989 584248 584256
    5.682631469 694352 694360
    5.691908375 486808 486816
    5.696874893 609576 609584
    5.701389462 418080 418088
    5.711785684 669816 669824
    5.720795106 402576 402584
    5.720996555 682776 682784
    5.729284089 332712 332720
    5.740008765 687920 687928
    5.747466855 324664 324672
    5.750748392 346816 346824
    5.757164080 467672 467680
    5.766874283 530072 530080
    5.773690301 434432 434440
    5.782487761 681304 681312
    5.783132750 329680 329688
    5.791975101 412240 412248
    5.795549192 678576 678584
    5.806108439 554368 554376
    5.811802690 429312 429320
    5.812036591 539760 539768
    5.814293632 336504 336512
    5.823693009 485352 485360
    5.824331917 707208 707216
    5.836098412 675608 675616
    5.843371112 706824 706832
    5.851218935 659856 659864
    5.857915531 423688 423696
    5.864688839 566896 566904
    5.869113361 704736 704744
    5.879660824 482928 482936
    5.880437093 655464 655472
    5.886243881 574408 574416
    5.892453046 357496 357504
    5.892909804 620808 620816
    5.897907130 336792 336800
    5.898118764 421168 421176
    5.907477443 465392 465400
    5.918613855 667824 667832
    5.924066363 425056 425064
    5.927554670 329080 329088
    5.933607454 694400 694408
    5.933948309 465536 465544
    5.935046952 318288 318296
    5.941529390 606344 606352
    5.954825737 657352 657360
    5.955727091 376408 376416
    5.955977244 540264 540272
    5.956228215 484672 484680
    5.961607489 523712 523720
    5.969510915 616112 616120
    5.973668322 611040 611048
    5.984566112 422352 422360
    5.995212830 468488 468496
    5.997396368 618208 618216
    6.007637076 365608 365616
    6.014908915 669888 669896
    6.015467198 539048 539056
    6.028835624 435792 435800
    6.037062648 583000 583008
    6.043426601 667464 667472
    6.046965315 351928 351936
    6.055505258 453800 453808
    6.077636733 437176 437184
    6.081772295 534648 534656
    6.088840775 547904 547912
    6.118569323 307168 307176
    6.128376957 647112 647120
    6.131863384 619288 619296
    6.135949963 564352 564360
    6.145174289 530184 530192
    6.168899000 391296 391304
    6.195490126 500936 500944
    6.201373115 339984 339992
    6.209939959 376568 376576
    6.221975754 467808 467816
    6.232628176 624288 624296
    6.263042646 483648 483656
    6.267393290 412824 412832
    6.271954678 489624 489632
    6.276723641 539040 539048
    6.277037943 369248 369256
    6.284119626 499840 499848
    6.299667291 449688 449696
    6.306740637 652624 652632
    6.317387415 693056 693064
    6.322394199 549960 549968
    6.333609435 356392 356400
    6.358950885 642144 642152
    6.740772260 375992 376000
    6.741043783 564440 564448
    6.741380403 554776 554784
    6.754448590 491784 491792
    6.832645642 580024 580032
    6.845933974 351984 351992
    6.855867154 540208 540216
    6.856190122 692928 692936
    6.856557552 322144 322152
    6.858567186 611680 611688
    6.865747047 389704 389712
    6.876248826 619352 619360
    6.877364505 384176 384184
    6.884274517 362112 362120
    6.891469705 630168 630176
    6.899242381 674032 674040
    6.906731327 528616 528624
    6.914014426 672504 672512
    6.919762892 574184 574192
    6.927504161 589640 589648
    6.934571741 338672 338680
    6.939158852 667360 667368
    6.946791063 355280 355288
    6.955816087 343120 343128
    6.959709385 335040 335048
    6.970837130 703720 703728
    6.975875491 694032 694040
    6.983802307 371408 371416
    6.994335036 329624 329632
    7.000817870 318864 318872
    7.011370285 330368 330376
    7.012099293 373416 373424
    7.012424648 485184 485192
    7.021512421 395496 395504
    7.027837516 539520 539528
    7.029075746 377168 377176
    7.036242580 611912 611920
    7.037053025 338256 338264
    7.045886630 456320 456328
    7.054839463 378816 378824
    7.055124858 561984 561992
    7.065446345 594328 594336
    7.074704534 315616 315624
    7.080383938 474200 474208
    7.090682234 673776 673784
    7.091001312 467880 467888
    7.091802437 598264 598272
    7.095728961 646392 646400
    7.105056355 431344 431352
    7.109671478 705728 705736
    7.116056116 303520 303528
    7.124012731 616424 616432
    7.124333249 373792 373800
    7.126207300 455352 455360
    7.135731169 498136 498144
    7.137280157 348304 348312
    7.145212398 304672 304680
    7.145912453 316504 316512
    7.146249173 646232 646240
    7.147006166 553824 553832
    7.152167375 642320 642328
    7.157099487 421664 421672
    7.167605003 677560 677568
    7.182081698 556352 556360
    7.193165574 597168 597176
    7.202991544 566744 566752
    7.212727924 463832 463840
    7.215108785 349440 349448
    7.222964891 404720 404728
    7.227120745 595288 595296
    7.237454300 605392 605400
    7.248748712 403328 403336
    7.255367567 420816 420824
    7.264523560 306288 306296
    7.275993580 687720 687728
    7.280209369 500456 500464
    7.283853227 382680 382688
    7.290272680 603760 603768
    7.298753535 431360 431368
    7.300167895 466896 466904
    7.304008840 476736 476744
    7.311658211 683656 683664
    7.314813029 415688 415696
    7.323877397 571400 571408
    7.331338691 449888 449896
    7.341444724 638800 638808
    7.368339746 642672 642680
    7.368596915 485120 485128
    7.371963143 692824 692832
    7.398817225 581048 581056
    7.406587776 441264 441272
    7.413152091 309800 309808
    7.415122570 519464 519472
    7.421085946 509880 509888
    7.426963371 566088 566096
    7.441382955 530784 530792
    7.450086783 602232 602240
    7.460194743 484480 484488
    7.469216597 306088 306096
    7.469414789 550608 550616
    7.476765601 343496 343504
    7.485684895 314360 314368
    7.489718140 319512 319520
    7.515061625 453064 453072
    7.537969853 652128 652136
    7.549130903 427712 427720
    7.559682763 465400 465408
    7.560231764 637384 637392
    7.568669376 510144 510152
    7.569070524 543400 543408
    7.578097284 305576 305584
    7.589835294 338976 338984
    7.597464759 387912 387920
    7.618403729 333272 333280
    7.624104037 638848 638856
    7.624350180 634456 634464
    7.634437578 560296 560304
    7.643665872 502872 502880
    7.651662742 364992 365000
    7.657688567 534128 534136
    7.671652979 385360 385368
    7.676518631 608192 608200
    7.684108873 701360 701368
    7.712116711 494672 494680
    7.723461997 427240 427248
    7.730295881 626096 626104
    7.738030940 500112 500120
    7.740807531 566168 566176
    7.753567912 331720 331728
    7.764863040 664352 664360
    7.775036542 404736 404744
    7.784265731 572456 572464
    7.799853104 563960 563968
    7.807025480 684872 684880
    7.811361163 502248 502256
    7.821124981 405880 405888
    7.828689239 546888 546896
    7.837605930 535472 535480
    7.864543515 638600 638608
    7.864835339 310856 310864
    7.874707798 480304 480312
    7.886262523 439744 439752
    7.899833717 348464 348472
    7.929592589 628080 628088
    7.955917145 573472 573480
    7.966990263 533392 533400
    7.971663224 371672 371680
    7.977990947 663224 663232
    7.989454758 326552 326560
    7.997005076 306080 306088
    8.004076548 490568 490576
    8.012366172 503248 503256
    8.018504570 675576 675584
    8.018761012 519376 519384
    8.035918485 342128 342136
    8.048270919 383608 383616
    8.049461249 588768 588776
    8.054475926 610968 610976
    8.067639794 594136 594144
    8.078412685 422256 422264
    8.086354774 492224 492232
    8.092623026 532592 532600
    8.111172743 395240 395248
    8.114141185 445456 445464
    8.116133220 624976 624984
    8.117564920 655856 655864
    8.120426680 550680 550688
    8.126912183 561568 561576
    8.138843126 400192 400200
    8.169041388 441128 441136
    8.171237237 540360 540368
    8.182366714 304592 304600
    8.195789933 651864 651872
    8.206453068 429960 429968
    8.214447679 600328 600336
    8.222996305 656864 656872
    8.230619272 359864 359872
    8.240007476 303840 303848
    8.250046117 541392 541400
    8.258762187 319096 319104
    8.270798235 435736 435744
    8.288843558 414424 414432
    8.301174180 453992 454000
    8.306426808 435168 435176
    8.309054008 558208 558216
    8.314759347 572352 572360
    8.322642146 449464 449472
    8.330912013 428456 428464
    8.347243371 527800 527808
    8.353312007 699656 699664
    8.373528021 448008 448016
    8.383815125 343976 343984
    8.395859502 664176 664184
    8.399172502 438176 438184
    8.409374306 575920 575928
    8.419802141 450624 450632
    8.436948240 427720 427728
    8.447266201 307368 307376
    8.458514610 464144 464152
    8.465500915 527904 527912
    8.469862047 593856 593864
    8.487285220 674040 674048
    8.498771022 635288 635296
    8.503136057 408728 408736
    8.508560624 417920 417928
    8.519349993 388008 388016
    8.523204796 652584 652592
    8.523611012 349136 349144
    8.530887489 511128 511136
    8.579800512 439464 439472
    8.582034885 432408 432416
    8.588355953 436464 436472
    8.596732018 392088 392096
    8.621390530 706536 706544
    8.625502226 447896 447904
    8.638939503 426336 426344
    8.655766151 506480 506488
    8.661417603 597728 597736
    8.668573720 603856 603864
    8.681916012 672168 672176
    8.694137478 522976 522984
    8.701962064 536192 536200
    8.717491126 409120 409128
    8.726075698 451208 451216
    8.739703039 659616 659624
    8.743825802 636152 636160
    8.755091181 663320 663328
    8.764035856 435328 435336
    8.767441524 380920 380928
    8.776388575 659744 659752
    8.776642793 544808 544816
    8.783200520 509432 509440
    8.792138166 630368 630376
    8.797804726 380624 380632
    8.825323120 356976 356984
    8.834666874 501736 501744
    8.837625959 632848 632856
    8.847022583 624168 624176
    8.852894897 640040 640048
    8.875219024 363480 363488
    8.886334427 615192 615200
    9.245499746 507112 507120
    9.304965311 347040 347048
    9.315898654 581072 581080
    9.323511845 620280 620288
    9.329184679 626496 626504
    9.339385409 533888 533896
    9.344411348 603928 603936
    9.345454124 604424 604432
    9.345655274 574352 574360
    9.352140434 415248 415256
    9.355193881 588976 588984
    9.365185065 372736 372744
    9.372019323 410056 410064
    9.372641665 639384 639392
    9.375413583 603224 603232
    9.387487870 390256 390264
    9.393643381 515832 515840
    9.405460464 365824 365832
    9.415190541 344360 344368
    9.421080380 642840 642848
    9.432956368 487640 487648
    9.441705637 403608 403616
    9.448376392 370080 370088
    9.457460523 562456 562464
    9.465890710 683272 683280
    9.472655513 380088 380096
    9.479057224 403040 403048
    9.487639278 327344 327352
    9.493934393 473064 473072
    9.502965025 400616 400624
    9.509609362 345672 345680
    9.521167726 534216 534224
    9.521603107 447056 447064
    9.529838215 491112 491120
    9.539380041 494336 494344
    9.547779824 697824 697832
    9.558198182 684296 684304
    9.559895734 621592 621600
    9.566602938 424432 424440
    9.575085918 653616 653624
    9.583013986 648160 648168
    9.588526853 532008 532016
    9.593111665 345040 345048
    9.601966325 658560 658568
    9.610719150 372464 372472
    9.611411266 410584 410592
    9.611661886 521424 521432
    9.622425324 581168 581176
    9.631971627 307032 307040
    9.644350555 705696 705704
    9.648348593 574400 574408
    9.648580182 662096 662104
    9.660319659 601760 601768
    9.667394747 606832 606840
    9.678915801 388424 388432
    9.691259500 651704 651712
    9.697522821 689072 689080
    9.709921798 595216 595224
    9.712061458 316856 316864
    9.724839364 479792 479800
    9.734056791 687976 687984
    9.734234937 349688 349696
    9.740385143 550872 550880
    9.743907427 586352 586360
    9.747046083 449232 449240
    9.747224365 334976 334984
    9.753040243 530872 530880
    9.765283778 556016 556024
    9.774570304 474096 474104
    9.782127832 301160 301168
    9.791975923 500088 500096
    9.800187379 475272 475280
    9.808012961 301840 301848
    9.808373686 575320 575328
    9.819930654 475840 475848
    9.821282295 332496 332504
    9.829708876 312768 312776
    9.834818491 605520 605528
    9.840724490 642904 642912
    9.840969867 337000 337008
    9.859510777 310672 310680
    9.868673277 332280 332288
    9.870051585 561512 561520
    9.881229313 489608 489616
    9.885560759 375160 375168
    9.892828002 479168 479176
    9.898880913 340096 340104
    9.910206619 538608 538616
    9.918995355 394360 394368
    9.927275787 351384 351392
    9.928860130 564848 564856
    9.937283164 620544 620552
    9.947247702 409440 409448
    9.952558230 412312 412320
    9.954223800 302912 302920
    9.954829237 645992 646000
    9.961375935 658016 658024
    9.985634679 482632 482640
    9.994693771 521472 521480
   10.005949178 568760 568768
   10.020597818 674960 674968
   10.027101239 331608 331616
   10.035820178 401976 401984
   10.041153865 339568 339576
   10.041388284 559024 559032
   10.049752817 497952 497960
   10.058561891 329696 329704
   10.093899696 569464 569472
   10.104186197 425288 425296
   10.444314283 627936 627944
   10.456683857 460152 460160
   10.461940103 465056 465064
   10.467862655 622552 622560
   10.470244705 698632 698640
   10.474683306 507096 507104
   10.479820328 369120 369128
   10.487552730 326320 326328
   10.496260660 441592 441600
   10.505801447 404400 404408
   10.517929344 463264 463272
   10.529480589 608160 608168
   10.530538582 301896 301904
   10.535824409 393536 393544
   10.541696384 544840 544848
   10.549256421 590528 590536
   10.561801821 612528 612536
   10.567065300 401352 401360
   10.579616278 386512 386520
   10.587719156 523504 523512
   10.592024009 637680 637688
   10.594345858 426880 426888
   10.594863837 688176 688184
   10.595384637 624824 624832
   10.601313107 708152 708160
   10.605892921 627712 627720
   10.613190928 533456 533464
   10.620951900 393432 393440
   10.622361933 400800 400808
   10.626758431 546496 546504
   10.627080719 335384 335392
   10.627446514 523536 523544
   10.628065963 662384 662392
   10.637100335 374144 374152
   10.647469230 513512 513520
   10.651256001 375072 375080
   10.659606312 397984 397992
   10.666232889 506672 506680
   10.680279517 618304 618312
   10.690785152 362616 362624
   10.700835830 545240 545248
   10.701416431 311584 311592
   10.706108587 532760 532768
   10.712014469 396784 396792
   10.716207660 601312 601320
   10.722040836 634600 634608
   10.727702677 614024 614032
   10.728442875 360120 360128
   10.740543458 628232 628240
   10.742562509 456960 456968
   10.748788449 548752 548760
   10.759780235 441136 441144
   10.771264662 344840 344848
   10.780376351 508736 508744
   10.780663972 424384 424392
   10.791462449 672816 672824
   10.795436220 329336 329344
   10.795707974 590720 590728
   10.803843682 525336 525344
   10.805941850 574488 574496
   10.820340224 706816 706824
   10.826194289 457520 457528
   10.826655709 612656 612664
   10.827053454 589168 589176
   10.832435021 707288 707296
   10.832839328 620984 620992
   10.839842532 574056 574064
   10.852122214 396160 396168
   10.856506394 598688 598696
   10.862446864 696672 696680
   10.864661366 468880 468888
   10.873331289 458832 458840
   10.882106025 340496 340504
   10.894047756 473784 473792
   10.906401125 528288 528296
   10.913085806 613944 613952
   10.920196952 491904 491912
   10.925235180 705408 705416
   10.933491219 587032 587040
   10.941600313 470928 470936
   10.946815743 665216 665224
   10.950011691 342704 342712
   10.958553543 588616 588624
   10.971080352 514960 514968
   10.978034663 699968 699976
   10.986870686 505896 505904
   10.992409160 445480 445488
   11.001545360 593808 593816
   11.009562699 629000 629008
   11.019712361 494056 494064
   11.031165227 343952 343960
   11.037222271 381216 381224
   11.044962479 304384 304392
   11.057098883 579160 579168
   11.069612201 442360 442368
   11.073917114 371128 371136
   11.085159897 494920 494928
   11.090523433 319632 319640
   11.096151833 547272 547280
   11.105080977 535144 535152
   11.119212357 516176 516184
   11.127810781 345392 345400
   11.151262817 544040 544048
   11.163040456 522672 522680
   11.180743753 412384 412392
   11.187360029 409224 409232
   11.192588480 383208 383216
   11.217017868 407752 407760
   11.224304491 519600 519608
   11.229740669 702720 702728
   11.240182801 557040 557048
   11.252482192 350232 350240
   11.257864708 603720 603728
   11.265276260 661048 661056
   11.270627093 358368 358376
   11.277997326 669000 669008
   11.284919638 697112 697120
   11.285452107 404768 404776
   11.304536030 502456 502464
   11.312809012 596288 596296
   11.321481370 509088 509096
   11.332799216 644920 644928
   11.335143730 587320 587328
   11.335701402 698248 698256
   11.355782451 450200 450208
   11.365783030 613784 613792
   11.392736840 620032 620040
   11.414263675 317568 317576
   11.423296331 637712 637720
   11.435468371 455432 455440
   11.444114847 624488 624496
   11.466482548 565504 565512
   11.475161943 473304 473312
   11.478421114 579360 579368
   11.502585694 637376 637384
   11.508345119 662768 662776
   11.519739639 486864 486872
   11.521629828 548712 548720
   11.526355158 513904 513912
   11.533742223 590304 590312
   11.544746359 705752 705760
   11.548431550 682952 682960
   11.566508106 304456 304464
   11.566844126 425296 425304
   11.577886793 595488 595496
   11.578144102 504288 504296
   11.584260674 352344 352352
   11.591513807 431152 431160
   11.604402591 573664 573672
   11.617388958 330048 330056
   11.625890261 563056 563064
   11.641278007 444816 444824
   11.657036757 664856 664864
   11.683825262 679056 679064
   11.691454624 653400 653408
   11.701578221 354688 354696
   11.724395316 444392 444400
   11.726256192 411504 411512
   11.737123391 450760 450768
   11.737304823 551408 551416
   11.746365267 377208 377216
   11.766809624 394424 394432
   11.776719838 547112 547120
   11.802293956 382752 382760
   11.819353661 489560 489568
   11.827055943 468728 468736
   11.830734964 664608 664616
   11.858323506 492704 492712
   11.868279491 358680 358688
   11.880352811 467384 467392
   11.898383643 394840 394848
   11.903830384 706832 706840
   11.909382291 682128 682136
   11.933697103 433584 433592
   11.941427755 444176 444184
   11.953437444 607448 607456
   11.965609331 534064 534072
   11.971046181 347136 347144
   11.993166147 312672 312680
   12.001230368 623544 623552
   12.017023793 566816 566824
   12.026949538 518512 518520
   12.046981808 444680 444688
   12.047242485 579248 579256
   12.053100837 682024 682032
   12.058883444 673536 673544
   12.078431594 588000 588008
   12.086252277 426792 426800
   12.086785352 342008 342016
   12.097441270 531600 531608
   12.108711760 556864 556872
   12.121981415 353600 353608
   12.136330195 473928 473936
   12.139808399 508968 508976
   12.149351163 667008 667016
   12.154405345 453024 453032
   12.162629527 523152 523160
   12.169035371 517344 517352
   12.169360142 533520 533528
   12.187052762 598648 598656
   12.207094337 471712 471720
   12.207314272 627600 627608
   12.213174401 677864 677872
   12.221612598 529552 529560
   12.230318487 663216 663224
   12.238646524 519616 519624
   12.259603133 481432 481440
   12.264822395 311808 311816
   12.272895484 614896 614904
   12.277829301 530720 530728
   12.289879616 486872 486880
   12.314355481 564896 564904
   12.329196462 483904 483912
   12.334323203 517872 517880
   12.338257802 586512 586520
   12.347064670 547776 547784
   12.356437615 619672 619680
   12.360885938 561264 561272
   12.377773324 324504 324512
   12.401735771 494640 494648
   12.407203562 345856 345864
   12.412079029 597736 597744
   12.426403712 341688 341696
   12.429545006 664248 664256
   12.449384185 527648 527656
   12.452531375 342640 342648
   12.458253428 407048 407056
   12.462809684 324888 324896
   12.462982535 496416 496424
   12.470202717 503264 503272
   12.488751528 681720 681728
   12.497938501 544928 544936
   12.507688568 659384 659392
   12.536604442 414264 414272
   12.542223385 700616 700624
   12.551662228 326136 326144
   12.562426125 331344 331352
   12.568032411 634344 634352
   12.576134953 503096 503104
   12.576406212 352640 352648
   12.576722135 445856 445864
   12.583657775 706392 706400
   12.591568932 468576 468584
   12.603725046 550128 550136
   12.617203100 351552 351560
   12.628823776 582472 582480
   12.640550269 605112 605120
   12.660129142 612144 612152
   12.666155320 407832 407840
   12.666319574 357568 357576
   12.672828416 591024 591032
   12.679238789 322712 322720
   12.697126036 478008 478016
   12.708739291 321168 321176
   12.716683102 684568 684576
   12.742003803 375528 375536
   12.751622730 611048 611056
   12.759310650 460504 460512
   12.770754971 673920 673928
   12.773165267 458152 458160
   12.783944369 592304 592312
   12.796464913 682808 682816
   12.812478100 338304 338312
   12.820647357 676576 676584
   12.827276307 690552 690560
   12.838760486 334120 334128
   12.845550778 361272 361280
   12.852801283 496152 496160
   12.853035041 470032 470040
   12.859063130 482896 482904
   12.870271152 671864 671872
   12.876128500 567128 567136
   12.885960580 450568 450576
   12.891631630 702704 702712
   12.906402491 349480 349488
   12.914509665 530656 530664
   12.924579167 602544 602552
   12.943451094 398288 398296
   12.951281227 399104 399112
   12.951840632 658880 658888
   12.958639267 476576 476584
   12.981918445 470496 470504
   12.982122972 483656 483664
   12.992537838 355464 355472
   12.997864081 305760 305768
   13.006716454 661248 661256
   13.018208162 592920 592928
   13.024125903 409144 409152
   13.024696468 501544 501552
   13.055341327 351736 351744
   13.060184290 505968 505976
   13.067925126 624848 624856
   13.075516005 354096 354104
   13.084780943 479296 479304
   13.101368037 420464 420472
   13.118035647 561232 561240
   13.129613026 580200 580208
   13.157966702 622592 622600
   13.170193558 549552 549560
   13.175106125 632816 632824
   13.179717403 619760 619768
   13.197871556 686976 686984
   13.206492048 642272 642280
   13.214529477 686536 686544
   13.223410267 325408 325416
   13.233734424 661840 661848
   13.246076974 626984 626992
   13.256602516 457984 457992
   13.257050595 545848 545856
   13.282513388 440296 440304
   13.294256914 380648 380656
   13.310296724 490760 490768
   13.320807776 638576 638584
   13.331748019 601368 601376
   13.338693841 469432 469440
   13.349458518 369536 369544
   13.358001297 517704 517712
   13.376065849 515072 515080
   13.388583843 330808 330816
   13.404864843 462488 462496
   13.417455715 600504 600512
   13.425365575 551088 551096
   13.436084347 534336 534344
   13.451850643 696040 696048
   13.463142837 606720 606728
   13.470199673 695384 695392
   13.476922136 575832 575840
   13.486380787 357384 357392
   13.493807485 415168 415176
   13.504705819 315568 315576
   13.513338004 702488 702496
   13.522760863 440952 440960
   13.528739917 426672 426680
   13.548515554 699112 699120
   13.559041021 606464 606472
   13.559577996 703712 703720
   13.580309343 502976 502984
   13.584345084 377024 377032
   13.592260143 490824 490832
   13.592487612 559496 559504
   13.592716881 381880 381888
   13.593003972 625432 625440
   13.602817858 677688 677696
   13.604434659 486928 486936
   13.632393138 400784 400792
   13.643931354 468560 468568
   13.644220566 656200 656208
   13.673110732 438296 438304
   13.684514098 328984 328992
   13.693880945 524664 524672
   13.704166367 350160 350168
   13.713850760 500096 500104
   13.723867634 347504 347512
   13.734787193 559512 559520
   13.735564546 407232 407240
   13.746634843 685264 685272
   13.759923920 627400 627408
   13.762527099 593408 593416
   13.775549027 524984 524992
   13.776059998 594640 594648
   13.783503257 534088 534096
   13.799088161 310096 310104
   13.812188724 523520 523528
   13.838692977 304600 304608
   13.847220055 629216 629224
   13.857049591 542368 542376
   13.867299191 345864 345872
   13.878905843 400864 400872
   13.885194107 472360 472368
   13.892893565 636496 636504
   13.918217586 564944 564952
   13.920653517 636584 636592
   13.935084171 625552 625560
   13.935511902 557456 557464
   13.945076889 446888 446896
   13.953959360 598000 598008
   13.957375151 526896 526904
   13.957618576 671256 671264
   13.966538336 384504 384512
   13.977623744 626000 626008
   13.987671239 376640 376648
   13.988568478 327808 327816
   13.994906667 332528 332536
   14.004237438 423096 423104
   14.013007253 447248 447256
   14.022179272 511744 511752
   14.030067974 468304 468312
   14.035622652 405288 405296
   14.043832902 574216 574224
   14.049956634 387008 387016
   14.056331929 663768 663776
   14.080927016 536472 536480
   14.090268890 492072 492080
   14.091689651 676760 676768
   14.094303662 422328 422336
   14.110447280 499560 499568
   14.120785234 316120 316128
   14.144161961 406472 406480
   14.155370877 625048 625056
   14.156380274 331320 331328
   14.159567422 413096 413104
   14.167115301 661504 661512
   14.192515893 508216 508224
   14.203903045 502184 502192
   14.212029350 626960 626968
   14.212286016 329712 329720
   14.217570392 590368 590376
   14.232946115 392848 392856
   14.239313636 488456 488464
   14.245048909 421080 421088
   14.257002923 602568 602576
   14.260676854 519720 519728
   14.271000645 614808 614816
   14.277475578 597080 597088
   14.283059947 439560 439568
   14.287346261 403008 403016
   14.296429864 516208 516216
   14.302750869 615208 615216
   14.315625061 324536 324544
   14.326036314 543600 543608
   14.349573242 420832 420840
   14.356058681 370696 370704
   14.367074304 427184 427192
   14.379753772 702224 702232
   14.408274181 442344 442352
   14.428165690 668328 668336
   14.446155453 619552 619560
   14.456579901 470632 470640
   14.460962832 429320 429328
   14.488199375 487400 487408
   14.499253312 656496 656504
   14.517363008 701736 701744
   14.519881280 349904 349912
   14.531964070 549936 549944
   14.541375983 639120 639128
   14.933031826 361920 361928
   15.054503464 597096 597104
   15.057210419 403384 403392
   15.057941069 674200 674208
   15.065669707 535864 535872
   15.072505977 332904 332912
   15.072884335 357376 357384
   15.080688162 652672 652680
   15.092369234 386768 386776
   15.096728425 633200 633208
   15.105560028 323840 323848
   15.113379765 533704 533712
   15.118898977 498912 498920
   15.132845424 426160 426168
   15.139909723 486488 486496
   15.140599035 705872 705880
   15.148616678 470240 470248
   15.160174623 606912 606920
   15.171723995 347192 347200
   15.183053899 483384 483392
   15.191312202 708504 708512
   15.198020528 485136 485144
   15.204125224 576456 576464
   15.213345375 618312 618320
   15.224120558 353960 353968
   15.234405600 553432 553440
   15.242901335 687424 687432
   15.254381179 422952 422960
   15.255347155 563592 563600
   15.262604216 494736 494744
   15.265090267 479752 479760
   15.268192401 371072 371080
   15.276753307 300240 300248
   15.278726700 651944 651952
   15.289777335 668800 668808
   15.290048612 531240 531248
   15.299322271 630960 630968
   15.308952959 335304 335312
   15.312383689 439112 439120
   15.319507706 354264 354272
   15.320168776 401888 401896
   15.331306798 426040 426048
   15.339716840 355808 355816
   15.348288531 313664 313672
   15.354866219 367856 367864
   15.360099781 412592 412600
   15.362864274 447064 447072
   15.371485575 392560 392568
   15.378931603 633192 633200
   15.379115324 696680 696688
   15.389504394 425640 425648
   15.391069617 622304 622312
   15.402911555 512304 512312
   15.406649339 478896 478904
   15.413730972 591112 591120
   15.421883390 351328 351336
   15.428256205 396832 396840
   15.432782600 520688 520696
   15.441235530 419864 419872
   15.453776842 343112 343120
   15.459973019 431600 431608
   15.468259933 418432 418440
   15.480228793 593088 593096
   15.480493223 423904 423912
   15.480915783 355520 355528
   15.481511084 356664 356672
   15.493085706 573832 573840
   15.500780585 538592 538600
   15.509925547 394512 394520
   15.518406912 384080 384088
   15.546993653 500216 500224
   15.557435498 449384 449392
   15.563688441 388064 388072
   15.573532030 365640 365648
   15.580917577 574080 574088
   15.584932140 595064 595072
   15.598838515 403168 403176
   15.604131206 681912 681920
   15.616797652 483168 483176
   15.641205302 500104 500112
   15.641406446 661808 661816
   15.650637288 702472 702480
   15.656295214 374872 374880
   15.658316730 547312 547320
   15.666697120 413896 413904
   15.673388368 693792 693800
   15.681366464 386520 386528
   15.681771228 618776 618784
   15.691322695 425312 425320
   15.702755634 653624 653632
   15.716365215 550696 550704
   15.729755412 537224 537232
   15.730014316 670832 670840
   15.759255103 359360 359368
   15.764692996 623872 623880
   15.768762489 502400 502408
   15.770768879 508816 508824
   15.780616710 588648 588656
   15.786988567 426208 426216
   15.797271200 549136 549144
   15.806186856 591512 591520
   15.824785736 427088 427096
   15.837661437 666920 666928
   15.845624706 646920 646928
   15.862431104 622416 622424
   15.862691546 549344 549352
   15.862906715 488968 488976
   15.875942044 694320 694328
   15.894239838 338128 338136
   15.903569626 528768 528776
   15.918857166 433976 433984
   15.922377758 474152 474160
   15.931869610 608536 608544
   15.934683852 439384 439392
   15.949744451 451760 451768
   15.962297532 666848 666856
   15.963287421 507680 507688
   15.972602948 476784 476792
   15.996580563 398184 398192
   16.000957863 485000 485008
   16.011822417 683672 683680
   16.034027296 679848 679856
   16.039806247 601264 601272
   16.071548731 625240 625248
   16.077307063 652256 652264
   16.082062120 633280 633288
   16.088797123 319056 319064
   16.094512625 457424 457432
   16.119931919 586080 586088
   16.124643819 596832 596840
   16.132350262 449848 449856
   16.139610648 461864 461872
   16.148942038 565064 565072
   16.154153002 317000 317008
   16.166533493 416976 416984
   16.175093246 548208 548216
   16.198165580 615312 615320
   16.203729487 612256 612264
   16.216253399 595072 595080
   16.239572977 536592 536600
   16.260474426 333120 333128
   16.273419489 685016 685024
   16.277981327 360904 360912
   16.285031487 475536 475544
   16.285540360 437384 437392
   16.290034507 492168 492176
   16.291994806 389840 389848
   16.304501753 426000 426008
   16.307556322 326984 326992
   16.317663829 470120 470128
   16.326769511 685808 685816
   16.329959782 371040 371048
   16.342963441 348920 348928
   16.354720300 532536 532544
   16.360326823 656792 656800
   16.371522053 314336 314344
   16.389444063 404232 404240
   16.412558211 708232 708240
   16.422047024 562776 562784
   16.433065720 635984 635992
   16.438445841 392024 392032
   16.443032452 366784 366792
   16.450260569 419712 419720
   16.495755274 339368 339376
   16.520144926 602336 602344
   16.526785840 615152 615160
   16.537126198 673304 673312
   16.546497235 451888 451896
   16.554228596 633064 633072
   16.558506715 517072 517080
   16.567559157 570864 570872
   16.670510483 466224 466232
   16.678567843 336760 336768
   16.790515798 401816 401824
   16.821098383 411528 411536
   16.829655665 378408 378416
   16.838640998 378104 378112
   16.854690190 616160 616168
   16.873345534 349096 349104
   16.874712027 435824 435832
   16.902912099 316360 316368
   16.940041871 346184 346192
   16.946382873 646504 646512
   16.971654550 651576 651584
   16.980832922 391248 391256
   16.990086031 677200 677208
   17.003575093 504256 504264
   17.008838209 301216 301224
   17.017122364 343920 343928
   17.036249672 433248 433256
   17.040424681 409584 409592
   17.043574464 334256 334264
   17.051668369 572496 572504
   17.064245175 556488 556496
   17.067847286 323360 323368
   17.095409765 498416 498424
   17.114319571 555680 555688
   17.124823773 564920 564928
   17.126250237 483480 483488
   17.142705574 470184 470192
   17.143460575 633024 633032
   17.143968421 306136 306144
   17.166883508 389216 389224
   17.174526117 303704 303712
   17.183152372 389256 389264
   17.190900050 466832 466840
   17.213232098 681656 681664
   17.251148429 576136 576144
   17.261608885 616776 616784
   17.270883360 686088 686096
   17.271825062 400704 400712
   17.276925239 520912 520920
   17.283398620 698152 698160
   17.293216795 643472 643480
   17.298203936 672688 672696
   17.303420430 692328 692336
   17.311211905 566064 566072
   17.316621287 471976 471984
   17.324968231 415256 415264
   17.338709673 639008 639016
   17.338931570 319792 319800
   17.339395808 496992 497000
   17.346449395 662576 662584
   17.352744220 333016 333024
   17.352979037 550512 550520
   17.360360264 354016 354024
   17.367848443 547888 547896
   17.374600100 496472 496480
   17.386858303 383384 383392
   17.391091352 522760 522768
   17.391365684 394664 394672
   17.391634729 364272 364280
   17.397379499 675544 675552
   17.401060256 589632 589640
   17.408146899 539928 539936
   17.414013832 480824 480832
   17.420224187 582072 582080
   17.431532704 355496 355504
   17.439350389 700824 700832
   17.443531275 673976 673984
   17.443895120 677448 677456
   17.454131559 381504 381512
   17.461003345 629016 629024
   17.469712445 341888 341896
   17.480107913 632856 632864
   17.480685128 435176 435184
   17.493384699 431688 431696
   17.503047653 600728 600736
   17.509514423 315152 315160
   17.520481462 324968 324976
   17.524623848 403104 403112
   17.525978588 413024 413032
   17.530529398 337952 337960
   17.537330316 303360 303368
   17.548513140 334552 334560
   17.548734833 412944 412952
   17.549328964 426392 426400
   17.556703664 559568 559576
   17.570048736 524288 524296
   17.570825576 318472 318480
   17.576102798 707624 707632
   17.579159824 588120 588128
   17.585637832 599736 599744
   17.588523081 346040 346048
   17.597025402 377200 377208
   17.602376702 440408 440416
   17.610644024 503104 503112
   17.617930019 557264 557272
   17.627373914 437208 437216
   17.640773733 608784 608792
   17.643382291 638896 638904
   17.644791606 460104 460112
   17.652834971 301448 301456
   17.659412903 508424 508432
   17.670941719 571792 571800
   17.671157420 383368 383376
   17.671528516 499416 499424
   17.683345784 355240 355248
   17.683573390 579488 579496
   17.695877591 561240 561248
   17.696210942 631064 631072
   17.696465477 343080 343088
   17.702257036 651072 651080
   17.712509052 641416 641424
   17.721279126 535136 535144
   17.731178724 556992 557000
   17.747214880 536312 536320
   17.765897661 550120 550128
   17.850105995 390384 390392
   18.068618345 473024 473032
   18.078464005 355456 355464
   18.078689374 622712 622720
   18.087957006 330128 330136
   18.092694106 322800 322808
   18.101602010 398856 398864
   18.111215682 550008 550016
   18.117731823 521728 521736
   18.124609156 684232 684240
   18.132053205 653088 653096
   18.142567923 341040 341048
   18.153413989 489064 489072
   18.166554790 654488 654496
   18.176299030 647096 647104
   18.181498764 682536 682544
   18.187213183 594192 594200
   18.194487432 304464 304472
   18.201557476 503840 503848
   18.206603473 686904 686912
   18.211310446 544696 544704
   18.224099517 494544 494552
   18.230890173 333072 333080
   18.231175514 306048 306056
   18.242597360 318040 318048
   18.248723877 620576 620584
   18.255272044 613336 613344
   18.260255943 687776 687784
   18.271558265 547712 547720
   18.280766113 658936 658944
   18.291812893 391520 391528
   18.300686016 659248 659256
   18.300993299 338360 338368
   18.301863556 677216 677224
   18.311909131 642344 642352
   18.314645516 476552 476560
   18.327408762 408800 408808
   18.333324862 637904 637912
   18.344769337 392704 392712
   18.345333121 389952 389960
   18.345582863 675248 675256
   18.350301932 581200 581208
   18.356502011 642536 642544
   18.356809487 361576 361584
   18.361634448 532168 532176
   18.368839289 528176 528184
   18.378518615 585856 585864
   18.380245525 651216 651224
   18.387818121 633496 633504
   18.388067533 467544 467552
   18.397977629 495992 496000
   18.398517826 553536 553544
   18.399352417 597448 597456
   18.408896542 612776 612784
   18.409521606 409872 409880
   18.418864770 304624 304632
   18.422071935 670208 670216
   18.429250980 655728 655736
   18.429740400 460624 460632
   18.437819254 535024 535032
   18.438197173 434440 434448
   18.439828174 368248 368256
   18.451862276 604656 604664
   18.458558194 429888 429896
   18.466998903 621304 621312
   18.467375477 650800 650808
   18.467726706 559312 559320
   18.469746264 511768 511776
   18.480470268 697160 697168
   18.490772863 685192 685200
   18.495478558 420176 420184
   18.504214204 335768 335776
   18.512967361 507616 507624
   18.522341099 360552 360560
   18.524903682 396808 396816
   18.532957588 548240 548248
   18.533581746 685304 685312
   18.533991326 345288 345296
   18.535637172 564824 564832
   18.545387802 499176 499184
   18.558037713 394648 394656
   18.558274693 652984 652992
   18.558544379 691048 691056
   18.564178584 628088 628096
   18.573718946 665312 665320
   18.582952446 494448 494456
   18.588983055 589200 589208
   18.590624885 405208 405216
   18.601851955 439712 439720
   18.612937217 523608 523616
   18.618404384 543712 543720
   18.620022110 397408 397416
   18.629662886 452936 452944
   18.636357953 487304 487312
   18.649019365 673640 673648
   18.655914162 662376 662384
   18.660282906 459704 459712
   18.668448608 354616 354624
   18.680452513 451184 451192
   18.686032540 592224 592232
   18.691134742 662632 662640
   18.702519866 701896 701904
   18.712764058 686736 686744
   18.713641100 513632 513640
   18.724704577 386848 386856
   18.730134643 527144 527152
   18.737202222 453872 453880
   18.747915542 377128 377136
   18.761398927 506584 506592
   18.769997667 457648 457656
   18.782518687 456696 456704
   18.788635688 473528 473536
   18.796108272 650336 650344
   18.801154286 692304 692312
   18.820660817 623072 623080
   18.829543977 440832 440840
   18.836571167 663976 663984
   18.852533665 564608 564616
   18.853082044 657624 657632
   18.871274062 616416 616424
   18.882417627 451336 451344
   18.882612892 579344 579352
   18.886839301 390600 390608
   18.906157113 344456 344464
   18.913116870 511736 511744
   18.935673828 483104 483112
   18.945926820 342968 342976
   18.950448555 610952 610960
   18.964129102 575504 575512
   18.968515312 528696 528704
   18.971347443 314184 314192
   18.980139311 417776 417784
   18.985133462 585744 585752
   18.998572341 576976 576984
   19.019919220 701568 701576
   19.021889457 545400 545408
   19.025324082 363784 363792
   19.051156759 320984 320992
   19.051376612 591840 591848
   19.051580245 529160 529168
   19.077071311 355872 355880
   19.103425039 465312 465320
   19.121708629 361288 361296
   19.127459051 305768 305776
   19.132104553 557336 557344
   19.135672145 580448 580456
   19.139148746 705984 705992
   19.148699949 627512 627520
   19.168199473 499944 499952
   19.181558777 593264 593272
   19.181783204 620296 620304
   19.196607462 657320 657328
   19.196901343 499656 499664
   19.206352269 381016 381024
   19.209488375 519944 519952
   19.224614315 552416 552424
   19.231875597 705992 706000
   19.232211151 638504 638512
   19.255170329 618616 618624
   19.265818224 396736 396744
   19.274121227 661280 661288
   19.279460798 562248 562256
   19.297968624 375168 375176
   19.308855237 435768 435776
   19.330189151 500344 500352
   19.333956381 426944 426952
   19.336897078 499568 499576
   19.341949687 499408 499416
   19.346021430 464328 464336
   19.365513066 707320 707328
   19.366335453 677440 677448
   19.370422648 325640 325648
   19.377641088 350096 350104
   19.390825789 304472 304480
   19.400764129 643128 643136
   19.424499307 485200 485208
   19.437249234 461712 461720
   19.774113450 429896 429904
   19.830124396 405928 405936
   19.844944416 397920 397928
   19.880935035 598224 598232
   19.886955445 565736 565744
   19.900311186 692800 692808
   19.912469562 675296 675304
   19.917160054 645064 645072
   19.918483897 547352 547360
   19.918765101 441208 441216
   19.930506203 425320 425328
   19.936223870 704280 704288
   19.944736517 643024 643032
   19.945093113 608328 608336
   19.950866503 529704 529712
   19.951563929 411648 411656
   19.962478404 684888 684896
   19.969056405 310944 310952
   19.977341302 686992 687000
   19.986154232 432224 432232
   19.996613208 363176 363184
   20.002002044 313752 313760
   20.002282272 591968 591976
   20.002550809 558016 558024
   20.013787083 658208 658216
   20.023275274 683096 683104
   20.030068332 329344 329352
   20.032080956 383808 383816
   20.041381102 383648 383656
   20.041936164 612496 612504
   20.049904938 419264 419272
   20.051783868 623080 623088
   20.062690940 384248 384256
   20.063339435 671632 671640
   20.075360428 423696 423704
   20.080696245 598072 598080
   20.080935338 573272 573280
   20.082880850 654664 654672
   20.094266219 307264 307272
   20.102673700 650736 650744
   20.112093355 578496 578504
   20.119175413 587752 587760
   20.126490366 684432 684440
   20.132640334 314088 314096
   20.132902761 381688 381696
   20.136868657 552552 552560
   20.137903547 522128 522136
   20.148692694 409920 409928
   20.161025301 638392 638400
   20.170376886 469472 469480
   20.174428645 340800 340808
   20.187730417 384616 384624
   20.188360125 536752 536760
   20.199213684 644064 644072
   20.208719591 449320 449328
   20.214341234 657136 657144
   20.215844453 601272 601280
   20.221461483 443728 443736
   20.227332640 564512 564520
   20.236352603 549968 549976
   20.241941384 301728 301736
   20.251963808 479000 479008
   20.255558429 322256 322264
   20.267258377 346624 346632
   20.272731034 397176 397184
   20.283530238 496904 496912
   20.289644557 467528 467536
   20.298203640 458896 458904
   20.307685916 311928 311936
   20.314461482 318992 319000
   20.320193982 610256 610264
   20.323671486 528896 528904
   20.330577560 335808 335816
   20.338487832 437672 437680
   20.349165921 388624 388632
   20.357746709 664440 664448
   20.368944255 348472 348480
   20.378252638 333208 333216
   20.381804600 453984 453992
   20.388849480 541168 541176
   20.420508860 491928 491936
   20.706922646 466768 466776
   20.765445369 628664 628672
   20.801654880 688536 688544
   20.806631538 561456 561464
   20.812955371 658944 658952
   20.824950309 560320 560328
   20.834231470 378664 378672
   20.839317600 706632 706640
   20.842224846 533744 533752
   20.852645604 569576 569584
   20.861964794 599856 599864
   20.863362638 492624 492632
   20.868625796 432416 432424
   20.871646758 602488 602496
   20.878901962 577952 577960
   20.879430827 643768 643776
   20.880934975 568568 568576
   20.882693323 616408 616416
   20.890478748 559272 559280
   20.894207894 626008 626016
   20.904025898 621000 621008
   20.915876975 306824 306832
   20.928762782 466416 466424
   20.936009171 341128 341136
   20.939152524 635760 635768
   20.945593265 590896 590904
   20.954212180 675104 675112
   20.959785200 695688 695696
   20.969812181 421696 421704
   20.976041794 373008 373016
   20.985829923 415896 415904
   20.997891477 329256 329264
   21.006116780 442536 442544
   21.015569423 575528 575536
   21.026685413 548528 548536
   21.034227587 484456 484464
   21.043626801 402000 402008
   21.054701600 590800 590808
   21.061996486 343272 343280
   21.067821768 397544 397552
   21.071824635 495288 495296
   21.082989346 384280 384288
   21.092276044 348248 348256
   21.092981288 312816 312824
   21.101990649 492728 492736
   21.109999499 625616 625624
   21.110360633 399064 399072
   21.120317910 386728 386736
   21.121900597 367624 367632
   21.126299699 584128 584136
   21.134967968 508704 508712
   21.146618424 610024 610032
   21.152273541 370656 370664
   21.158201661 477152 477160
   21.161987087 550112 550120
   21.167016860 399864 399872
   21.167707823 470944 470952
   21.180161023 678384 678392
   21.189994089 594584 594592
   21.200300904 338808 338816
   21.205729524 691560 691568
   21.216899584 522184 522192
   21.223678463 373000 373008
   21.224032659 408592 408600
   21.232653654 570648 570656
   21.245156689 369728 369736
   21.254908244 653216 653224
   21.267520321 659304 659312
   21.275883475 689936 689944
   21.278234436 542936 542944
   21.284703814 692592 692600
   21.286615778 402832 402840
   21.287440858 679576 679584
   21.288243543 327488 327496
   21.293984946 457096 457104
   21.305357248 537536 537544
   21.309196047 708520 708528
   21.314883357 517216 517224
   21.325539754 394264 394272
   21.334393219 577968 577976
   21.334855964 547800 547808
   21.340407525 649368 649376
   21.349431789 707968 707976
   21.355387264 564248 564256
   21.360398953 399832 399840
   21.361129487 654576 654584
   21.368123479 368064 368072
   21.375914535 341696 341704
   21.379870949 539248 539256
   21.386252253 497064 497072
   21.396522242 670592 670600
   21.405635299 347976 347984
   21.415482707 553248 553256
   21.438559766 334272 334280
   21.451432456 306000 306008
   21.457961701 425456 425464
   21.466054577 457920 457928
   21.475047118 527856 527864
   21.477540815 536320 536328
   21.490007494 517048 517056
   21.513929197 554784 554792
