    0.000076797 311296 311312
    0.000237573 311320 311648
    0.000685632 311656 311768
    0.000773106 311776 311880
    0.000830927 311888 311904
    0.001021905 311912 312088
    0.001181969 312096 312408
    0.001764904 312416 312536
    0.001817455 312544 312584
    0.001854976 312592 312640
    0.001892488 312656 312696
    0.001937220 312704 312728
    0.002004562 312744 312760
    0.002064705 312776 312808
    0.002105294 312816 312944
    0.002159695 312952 313088
    0.002215302 313096 313128
    0.002255112 313136 313176
    0.002296239 313184 313304
    0.002348680 313312 313424
    0.002414218 313432 313544
    0.002464450 313552 313568
    0.002501314 313576 313616
    0.002724850 313624 313672
    0.002771864 313688 313792
    0.002822157 313800 313824
    0.002860463 313832 313904
    0.002906649 313912 313992
    0.002952512 314008 314024
    0.003007094 314040 314144
    0.003067493 314152 314232
    0.003188776 314240 314264
    0.003226185 314272 314328
    0.019361180 314336 314360
    0.019935115 314368 314640
    0.020167587 314648 314736
    0.020236986 314744 314784
    0.020274524 314800 314848
    0.020452435 314856 315224
    0.020533985 315232 315368
    0.020792456 315376 315392
   12.262583716 616616 617640
   12.264500853 617640 618664
   12.265413158 618664 619688
   12.267471395 619688 620336
   12.269108183 165840 165872
   12.276388734 165872 165936
   12.276690048 165936 166064
   12.276905220 166064 166096
   12.276946716 166104 166184
   12.276983378 166192 166256
   12.277017811 166264 166320
   12.277053100 579544 579552
   12.277139891 590976 590992
   12.294677531 166424 166456
   12.294931087 166456 166520
   12.295300601 166752 166784
   12.295512434 166784 166848
   12.295580500 166848 166864
   12.295617357 166872 166936
   12.295653803 166952 166960
   12.295685835 166968 166976
   12.295733631 591000 591032
   12.295831042 591032 591040
   12.295882533 166976 167208
   12.295965046 167216 167232
   12.296126986 167232 167240
   12.296161847 167248 167296
   12.296196018 167304 167352
   12.296229940 167360 167376
   12.296262681 167384 167392
   12.296293872 167400 167480
   12.296330842 167488 167512
   12.296364527 167520 167536
   12.296396793 167544 167656
   12.296435663 167664 167720
   12.296481763 167728 167744
   12.296520950 579552 579584
   12.296563107 591040 591088
   12.352080456 238888 238920
   12.363058383 238920 238984
   12.363192032 238984 239056
   12.363237332 239064 239112
   12.363278502 594280 594288
   12.363629794 594288 594304
   12.363673380 239112 239128
   12.363707094 239136 239216
   12.363744990 239224 239368
   12.368996060 239368 239904
   12.369112132 239912 240120
   12.369168538 240128 240168
   12.369203448 240176 240368
   12.369250238 240376 240392
   12.369283254 594304 594336
   12.370592993 594336 594368
   12.370639226 580816 580824
   12.370673582 240392 240456
   12.370712094 240464 240648
   12.370772893 240656 240752
   12.370811814 240760 240816
   12.370844587 240824 240880
   12.370878907 240888 240904
   12.399716215 241344 241352
   12.399784441 241368 241376
   12.399821564 594400 594416
   12.405444247 241376 241424
   12.405513234 241432 241480
   12.405551032 241488 241512
   12.405584372 241520 241568
   12.405624713 580832 580840
   12.405660269 594416 594432
   12.414158102 241568 241608
   12.414210680 241616 241664
   12.414247372 241672 241696
   12.414282083 241720 241744
   12.414330094 241752 241928
   12.414424350 241936 241952
   12.414557083 580840 580848
   12.414652901 594432 594480
   12.414826714 594480 594504
   12.414863927 241952 241960
   12.414895395 241968 242072
   12.414939135 242080 242096
   12.414972603 242104 242448
   12.415042988 242456 242464
   12.415177149 580848 580856
   12.415686035 242464 242824
   12.415786452 242832 242856
   12.415819107 242864 242872
   12.415851593 242880 242904
   12.415883672 242912 242976
   12.415920281 580856 580864
   12.415951694 594504 594528
   12.428700598 243256 243288
   12.429198876 243288 243352
   12.429295945 243352 243480
   12.429554696 243480 243680
   12.429638179 243688 243736
   12.429678116 594528 594536
   12.429904131 243736 244056
   12.430008411 244064 244248
   12.430018879 594536 594544
   12.431051818 244360 244392
   12.431299005 244392 244448
   12.431356960 594544 594552
   12.431691784 244456 244752
   12.431772722 244760 244840
   12.431817527 594552 594560
   12.432440831 244840 244928
   12.432501994 244936 245080
   12.432656386 245088 245112
   12.432833961 245120 245272
   12.432952214 245280 245352
   12.432969115 580872 580880
   12.433079104 594560 594584
   12.433860218 245352 245544
   12.433947942 245552 245584
   12.433998233 245600 245864
   12.434070144 580880 580888
   12.434118315 594584 594600
   12.434711262 594600 594632
   12.434749845 580888 580904
   12.434780659 245864 245872
   12.434812907 245880 245952
   12.434845361 245960 246032
   12.434899274 246040 246160
   12.435000807 246168 246184
   12.435032752 246192 246232
   12.435040972 246240 246376
   12.449128003 246376 246384
   12.449198047 246392 246400
   12.449235768 246408 246472
   12.449296249 246480 246496
   12.449371665 246504 246520
   12.449404845 246528 246576
   12.449449176 246584 246632
   12.449455384 246640 246648
   12.449521958 246656 246696
   12.449582576 246704 246744
   12.449646026 246752 246888
   12.449729595 580904 580944
   12.449736237 594632 594672
   12.450470976 246888 247168
   12.450601021 247176 247200
   12.450637881 247208 247368
   12.450698361 247376 247400
   12.450732410 580944 580952
   12.450765122 594672 594688
   12.451578870 594688 594704
   12.451650819 580952 580968
   12.451697939 247400 247480
   12.451739210 247488 247656
   12.451789799 247664 247688
   12.451823094 247696 247744
   12.451858804 247752 247912
   12.460223609 247912 248136
   12.460297310 248144 248168
   12.460337213 248176 248184
   12.460368168 248192 248376
   12.460419505 248384 248392
   12.460450090 248400 248424
   12.460484167 580968 580976
   12.460515620 594704 594736
   12.461492755 594736 594792
   12.461539640 580976 580992
   12.461614111 248424 248480
   12.461652274 248488 248616
   12.461750756 248624 248672
   12.461788250 248680 248720
   12.461823067 248728 248760
   12.461834519 248768 248816
   12.461858416 248824 248912
   12.463023255 248936 249072
   12.463147088 249080 249160
   12.463221028 249168 249208
   12.463230284 249216 249448
   12.463258356 594792 594816
   12.463982791 594816 594824
   12.464035754 249448 249488
   12.464074396 249496 249792
   12.464187955 249800 249872
   12.464230185 249880 249960
   12.464269621 580992 581000
   12.464300696 594824 594832
   12.465148473 594832 594840
   12.465196697 581000 581008
   12.465230844 249960 250192
   12.465295078 250200 250216
   12.465330674 250224 250472
   12.466913179 250472 250592
   12.466989414 250600 250984
   12.467065351 594840 594848
   12.467665540 250984 251328
   12.467757818 251336 251496
   12.467811242 594848 594856
   12.470056128 594856 594896
   12.470104577 581008 581024
   12.470138723 251496 251504
   12.470174032 251512 251520
   12.470205368 251528 251632
   12.470246830 251640 251648
   12.470279013 251656 251728
   12.470319149 251736 251744
   12.470414918 251752 251976
   12.470474702 251984 252008
   12.471115095 252008 252136
   12.471201086 252144 252176
   12.471265945 252184 252208
   12.471303618 252216 252520
   12.471313043 581024 581032
   12.471372169 594896 594912
   12.472170556 252520 252544
   12.472216268 252552 252616
   12.472255636 252624 253032
   12.472347925 594912 594928
   12.472953383 594928 594952
   12.472990762 581032 581040
   12.473023228 253032 253056
   12.473057162 253064 253072
   12.473088921 253080 253288
   12.473159067 253296 253504
   12.473230372 253512 253544
   12.487062938 253544 253672
   12.487165584 253680 253760
   12.487217495 253768 253808
   12.487251778 253816 253856
   12.487285761 253864 253872
   12.487317322 253880 254040
   12.487369637 254048 254368
   12.487472523 581040 581056
   12.487504937 594952 594992
   12.487559538 254376 254568
   12.488736918 254568 254592
   12.488787140 254600 254784
   12.488836920 254792 255048
   12.488891234 581056 581064
   12.488922120 594992 595008
   12.488954837 255056 255080
   12.489503211 255080 255152
   12.489511411 255160 255416
   12.489542980 595008 595016
   12.489779115 595016 595024
   12.489785089 581064 581080
   12.489844449 255432 255496
   12.489930743 255504 255592
   12.490516717 255592 255728
   12.490579806 255736 255832
   12.490619776 255840 255856
   12.490689491 255864 256032
   12.490736151 256040 256072
   12.490769009 256080 256104
   12.490799390 581080 581096
   12.490830735 595024 595048
   12.491405709 256104 256480
   12.491509335 256488 256616
   12.491553630 581096 581104
   12.498841425 256616 256904
   12.498928155 256912 256952
   12.498966983 256960 257128
   12.499013260 595048 595064
   12.500294412 595064 595096
   12.500484839 581104 581112
   12.500555136 257128 257232
   12.500676180 257240 257464
   12.500775983 257472 257536
   12.500853142 257544 257552
   12.500991000 257560 257568
   12.501075414 257576 257640
   12.502285953 257640 257704
   12.502338891 257720 257792
   12.502378148 257800 257864
   12.502416506 257872 257896
   12.502448631 257912 257936
   12.502482860 257944 257952
   12.502513753 257960 258152
   12.502563274 581112 581136
   12.502609391 595096 595136
   12.503683262 595136 595216
   12.503744373 581136 581144
   12.503793870 258152 258160
   12.503825074 258168 258232
   12.503866599 258240 258336
   12.503872883 258344 258408
   12.503964146 258432 258520
   12.504062316 258528 258568
   12.504142231 258584 258640
   12.504229539 258648 258656
   12.513356958 258664 258712
   12.513426957 258720 258904
   12.513478798 258912 259176
   12.513563155 595216 595232
   12.514037622 595232 595256
   12.514048052 581144 581152
   12.514076440 259184 259360
   12.514117195 259368 259600
   12.514180416 259608 259656
   12.514286181 259664 259688
   12.514934683 259688 259784
   12.514989396 259800 259880
   12.515031795 259888 260200
   12.515154944 581152 581160
   12.515188431 595256 595272
   12.515720867 260200 260264
   12.515764282 260272 260344
   12.515802683 260352 260384
   12.515836873 260392 260432
   12.515872762 260448 260672
   12.515948223 260688 260712
   12.515981766 581160 581184
   12.516020684 595272 595304
   12.516578348 260712 260736
   12.516618961 260752 260784
   12.516654858 260800 260856
   12.516700113 260864 261008
   12.516766232 261016 261200
   12.516819405 261208 261224
   12.516857966 581184 581208
   12.516890546 595304 595336
   12.517496657 595336 595352
   12.517533751 581208 581216
   12.517566065 261224 261256
   12.517602198 261264 261464
   12.517686689 261472 261720
   12.517742480 261728 261736
   12.525944692 261736 261816
   12.526030464 261824 261920
   12.526144997 261944 262016
   12.526184906 262024 262248
   12.526194506 581216 581240
   12.526261320 595352 595368
   12.527295034 595368 595392
   12.527301450 262248 262376
   12.527349955 262384 262464
   12.527396046 262472 262664
   12.527445482 262672 262760
   12.528468349 262760 262944
   12.528531729 262952 263160
   12.528584411 263168 263248
   12.528625289 263256 263272
   12.528656831 595392 595416
   12.537282904 263272 263728
   12.537424982 263736 263784
   12.537481711 595416 595424
   12.538593782 595424 595456
   12.538638094 581240 581248
   12.538670656 263784 263920
   12.538720348 263928 263936
   12.538751261 263952 264024
   12.538791771 264032 264040
   12.538914182 264048 264296
   12.541398114 264304 264376
   12.541472341 264384 264472
   12.541531500 264480 264520
   12.541566995 264528 264544
   12.541655815 264552 264576
   12.541701877 264584 264616
   12.541712021 264624 264776
   12.541751112 264792 264808
   12.541817451 581248 581256
   12.541861609 595456 595520
   12.542411263 595520 595560
   12.542453212 581256 581280
   12.542501720 264808 264816
   12.542537262 264824 264840
   12.542593179 264864 265080
   12.542658328 265088 265128
   12.542665190 265136 265160
   12.542694667 265168 265280
   12.542740931 265288 265320
   12.543486405 265320 265584
   12.543576407 265592 265616
   12.543614569 265624 265832
   12.543680803 581280 581288
   12.543713784 595560 595568
   12.544279529 265832 265880
   12.544326956 265888 265960
   12.544365145 265968 266008
   12.544401319 266016 266112
   12.544457906 266120 266152
   12.544494365 266160 266288
   12.544545913 266296 266336
   12.544565091 581288 581320
   12.544588307 595568 595592
   12.545053715 595592 595616
   12.545091572 581320 581328
   12.545123759 266344 266352
   12.545156382 266360 266456
   12.545191184 266464 266520
   12.545257610 266528 266752
   12.545311969 266760 266856
   12.561364540 266864 266944
   12.561443967 266952 267000
   12.561490010 267008 267192
   12.561496936 267200 267368
   12.561542870 581328 581336
   12.561637004 595616 595640
   12.562238291 267368 267456
   12.562286271 267464 267480
   12.562320685 267488 267600
   12.562365689 267608 267616
   12.562397065 267624 267728
   12.562439234 267744 267808
   12.562512247 267816 267880
   12.562551280 581336 581352
   12.562558730 595640 595680
   12.563239937 267880 267920
   12.563286229 267928 267968
   12.563323691 267976 268008
   12.563357164 268016 268104
   12.563397323 268112 268304
   12.563447948 268312 268352
   12.563483553 268360 268384
   12.563516815 581352 581360
   12.563549900 595680 595728
   12.564109826 268392 268688
   12.564228657 268696 268904
   12.564303839 581360 581368
   12.564864002 581368 581392
   12.564872575 595728 595752
   12.564902927 268904 268920
   12.564937448 268928 268936
   12.564964859 268944 269120
   12.565007017 269128 269200
   12.565066569 269208 269280
   12.565150333 269288 269320
   12.565156373 269328 269416
   12.565843835 269416 269440
   12.565886804 269448 269464
   12.565921113 269472 269904
   12.566034877 595752 595776
   12.566070308 269912 269928
   12.566583716 269928 270024
   12.566637593 270032 270048
   12.566642644 270056 270392
   12.566672328 595776 595800
   12.566783643 270400 270440
   12.583715219 270440 270512
   12.583784513 270520 270568
   12.583824940 270576 270792
   12.583878688 270800 270952
   12.583958280 595800 595824
   12.584661462 595824 595848
   12.584698083 581392 581408
   12.584729783 270952 270992
   12.584774911 271000 271048
   12.584810410 271056 271264
   12.584866642 271272 271352
   12.584905769 271360 271432
   12.584957375 271440 271464
   12.621716216 271464 271488
   12.621802967 271496 271792
   12.621917568 595848 595864
   12.621982225 595864 595872
   12.622016999 581408 581416
   12.622049454 271800 271864
   12.622088544 271872 271928
   12.622125532 271936 271976
   12.622712881 271976 272000
   12.622759338 272008 272080
   12.622796889 272088 272136
   12.622829756 272144 272336
   12.622895749 272344 272376
   12.622940196 272384 272392
   12.622945324 272400 272408
   12.622980857 272424 272488
   12.623034655 581416 581440
   12.623107075 595872 595912
   12.623662537 272488 272496
   12.623699025 272504 272576
   12.623748615 272584 272744
   12.623798063 272752 273000
   12.623883176 581440 581448
   12.623916435 595912 595928
   12.628883620 277576 277600
   12.628933078 596144 596152
   12.639451056 278272 278304
   12.639933119 278304 278328
   12.639981863 278336 278368
   12.640025319 596176 596184
   12.640152133 278368 278496
   12.640468031 278496 278544
   12.640514365 278552 278752
   12.640606643 581560 581568
   12.641549660 278752 278960
   12.641619587 278968 279160
   12.641670152 279168 279328
   12.641717153 279336 279456
   12.641758110 279464 279472
   12.641790409 279480 279488
   12.641822425 279496 279512
   12.641855465 279520 279544
   12.641888956 279560 279600
   12.641938502 279608 279616
   12.641970295 279624 279776
   12.641978926 581568 581576
   12.642047813 596184 596264
   12.646740580 283000 283008
   12.646797087 283016 283024
   12.646834289 596416 596432
   12.647170396 283032 283040
   12.647219078 283048 283096
   12.647255053 596432 596440
   12.647339310 596440 596456
   12.647374841 283096 283144
   12.647408570 283152 283168
   12.647469446 283176 283224
   12.647704692 283232 283424
   12.647815391 283432 283472
   12.647864386 581616 581624
   12.647874654 596456 596472
   12.648109449 596472 596528
   12.648148115 283480 283528
   12.648215296 283536 283720
   12.648288462 283736 283744
   12.648336135 283752 283768
   12.648359536 283784 283912
   12.648427558 283920 283992
   12.648734996 284000 284200
   12.648798033 284208 284256
   12.648856108 284264 284368
   12.648887643 284376 284400
   12.648897554 284416 284504
   12.648988868 596528 596576
   12.649721013 596576 596608
   12.649762917 284504 284528
   12.649839630 284536 284680
   12.649928468 284688 284728
   12.649963704 284736 284984
   12.649972763 284992 285016
   12.650598795 285016 285080
   12.650651943 285088 285192
   12.650695240 285200 285216
   12.650728044 285224 285280
   12.650763410 285296 285464
   12.650810327 285472 285528
   12.650847746 596608 596656
   12.652580255 596656 596664
   12.652642898 285528 285648
   12.652741676 285656 286040
   12.655409681 286040 286056
   12.655487353 286064 286176
   12.655535281 286184 286376
   12.655603012 286384 286488
   12.655644719 286496 286552
   12.655651301 581624 581632
   12.655680793 596664 596688
   12.656365270 286552 286608
   12.656411131 286616 287024
   12.656486771 596688 596704
   12.656521452 287032 287064
   12.657093264 287064 287176
   12.657192600 287184 287248
   12.657261295 287256 287400
   12.657308699 287408 287576
   12.657311891 596704 596728
   12.658130262 596728 596776
   12.658204769 585728 585736
   12.658238747 287592 287768
   12.658246012 287776 287800
   12.658289264 287808 287848
   12.658359338 287856 287864
   12.658407093 287872 287984
   12.658457845 287992 288088
   12.659035019 288088 288352
   12.659160689 288360 288384
   12.659199430 288392 288432
   12.659233721 288440 288448
   12.659263941 288456 288600
   12.659309297 596776 596808
   12.659945714 288600 288608
   12.659984123 288616 288680
   12.660021278 288688 288744
   12.660087345 288752 289112
   12.660236215 585736 585744
   12.660268574 596808 596824
   12.660791980 596824 596840
   12.660829009 289112 289168
   12.660866944 289176 289296
   12.660911416 289304 289624
   12.661610823 611064 613112
   12.664840893 596840 596944
   12.664888798 289624 289840
   12.664943456 289856 289912
   12.664982373 289920 289976
   12.665014896 289984 290008
   12.665066872 290016 290040
   12.665130021 290048 290056
   12.665183177 290064 290144
   12.665222770 290152 290184
   12.665257166 290192 290208
   12.665288903 290216 290384
   12.665347389 290392 290432
   12.665455889 290440 290616
   12.665516465 290624 290648
   12.666205408 290648 291064
   12.666419749 291072 291160
   12.666485956 596944 596952
   12.667532751 291160 291232
   12.667602833 291240 291248
   12.667636755 291272 291408
   12.667687491 291416 291536
   12.667734975 291544 291656
   12.667793237 291664 291672
   12.667825654 585744 585760
   12.667833468 596952 596992
   12.668459746 291672 291696
   12.668504303 291704 292048
   12.668643844 596992 597000
   12.668686012 585760 585768
   12.668719056 292056 292184
   12.669264580 292184 292304
   12.669313934 292312 292696
   12.669382858 597000 597008
   12.669839753 292696 293024
   12.669940824 293032 293168
   12.669988578 293176 293184
   12.670020808 293192 293208
   12.670054433 597008 597032
   12.670675675 293208 293296
   12.670726630 293312 293440
   12.670769721 293448 293560
   12.670811884 293568 293688
   12.670865835 293696 293704
   12.670916723 293712 293720
   12.670948933 585768 585776
   12.670955465 597032 597072
   12.671579512 293720 293792
   12.671627979 293800 293864
   12.671665841 293872 294000
   12.671706321 294008 294024
   12.671739601 294032 294232
   12.671818661 585776 585784
   12.671851974 597072 597096
   12.672382806 294232 294744
   12.672961583 294744 295056
   12.673069401 295072 295192
   12.673077814 295200 295256
   12.673117202 585784 585800
   12.673194770 597096 597104
   12.673731777 295256 295424
   12.673792108 295432 295496
   12.673832017 295504 295632
   12.673879446 295640 295664
   12.673914412 295672 295768
   12.673954805 597104 597136
   12.674618872 597136 597160
   12.674657918 295768 295776
   12.674690692 295784 295936
   12.674737870 295944 296176
   12.674800621 296184 296280
   12.676301707 296280 296632
   12.676423300 296640 296680
   12.676466410 296688 296704
   12.676543728 296712 296752
   12.676579133 296760 296792
   12.676586111 585800 585808
   12.676611798 597160 597184
   12.677692363 597184 597208
   12.677745437 585808 585816
   12.677784451 296792 296904
   12.677830730 296912 296944
   12.677864857 296952 297032
   12.677917226 297040 297264
   12.677986053 297272 297304
   12.679429921 297304 297320
   12.679492601 297328 297400
   12.679535571 297408 297432
   12.679597337 297448 297456
   12.679630687 297464 297808
   12.679637410 585816 585840
   12.679751416 597208 597232
   12.680412498 297816 297992
   12.680480517 298000 298128
   12.680523771 298136 298256
   12.680577857 298272 298328
   12.680616885 585840 585848
   12.680649660 597232 597256
   12.681246647 597256 597272
   12.681256486 298328 298448
   12.681293501 298456 298784
   12.681467072 298792 298840
   12.682336663 298840 298944
   12.682494644 298952 299008
   12.682610864 299016 299120
   12.682616936 299128 299200
   12.682679386 299208 299272
   12.682788471 299280 299312
   12.682949621 299320 299352
   12.683031531 585848 585864
   12.683085435 597272 597304
   12.684824698 299352 299672
   12.684976258 299680 299712
   12.685015620 299720 299728
   12.685049696 299736 299864
   12.685104529 585864 585872
   12.685135270 597304 597320
   12.685795397 299864 299896
   12.685839128 299904 299984
   12.685879378 299992 300072
   12.685920178 300080 300096
   12.685967095 300104 300200
   12.686001749 300208 300344
   12.686008733 300352 300368
   12.686046318 585872 585888
   12.686104679 597320 597360
   12.686759664 300376 300512
   12.686818681 300528 300544
   12.686852627 300552 300656
   12.686895677 300672 300776
   12.686937736 300784 300816
   12.686981455 300824 300888
   12.687023319 585888 585920
   12.687073161 597360 597384
   12.687684151 300888 300952
   12.687732255 300960 300968
   12.687765436 300976 301304
   12.687854049 597384 597408
   12.687913998 597408 597424
   12.687923100 585920 585928
   12.687948161 301312 301320
   12.687992497 301336 301360
   12.688019482 301368 301400
   12.688747699 301400 301456
   12.688791890 301464 301752
   12.688855640 597424 597440
   12.688898593 597440 597456
   12.688931414 301760 301776
   12.688963077 301784 301800
   12.688993377 301808 301912
   12.690778289 302712 302744
   12.691102250 302752 302784
   12.691316546 302784 302816
   12.691363280 302824 302848
   12.691399128 597472 597480
   12.691601247 302848 302880
   12.691648394 302888 302968
   12.691689477 302976 303024
   12.691725046 303032 303064
   12.691775431 303072 303120
   12.691813183 303128 303160
   12.691839997 303168 303232
   12.691848719 597480 597528
   12.692469767 303232 303352
   12.692517715 303360 303368
   12.692550424 303376 303400
   12.692584502 303408 303416
   12.692614816 303424 303496
   12.692651572 303504 303744
   12.692703147 585960 585968
   12.692759388 597528 597560
   12.693727552 303776 303800
   12.693771349 597560 597568
   12.693946483 303800 303864
   12.694311860 303944 303968
   12.694353123 585976 585984
   12.694720364 304096 304128
   12.694936851 304128 304192
   12.695026475 304192 304208
   12.695062448 304216 304320
   12.695142165 597576 597584
   12.695250054 304320 304576
   12.696256794 304576 304624
   12.696321038 304632 304768
   12.696383040 304784 304992
   12.696492166 305000 305088
   12.696499417 585992 586008
   12.696538149 597584 597600
   12.696917304 597600 597616
   12.696999449 586008 586016
   12.697050015 305088 305208
   12.697057967 305216 305336
   12.697119376 305352 305600
   12.697814205 305600 305728
   12.697873595 305736 305752
   12.697908100 305760 305768
   12.697939271 305776 305856
   12.697980150 305864 305872
   12.698012092 305896 305968
   12.698053376 305976 306112
   12.698114858 586016 586024
   12.698146341 597616 597672
   12.698622320 597672 597712
   12.698627504 586024 586040
   12.698661911 306112 306168
   12.698719885 306176 306184
   12.698759616 306192 306272
   12.698786584 306280 306368
   12.698828617 306376 306464
   12.698871383 306472 306528
   12.698944022 306536 306552
   12.698949886 306560 306624
   12.700019757 306624 306632
   12.700061039 306640 306712
   12.700101836 306720 306728
   12.700134474 306736 306744
   12.700184326 306752 306944
   12.700237132 306952 307024
   12.700243735 307032 307320
   12.700275998 597712 597760
   12.700407910 586040 586048
   12.700413905 307328 307648
   12.702056171 307648 307672
   12.702105980 307688 307720
   12.702141721 307728 307744
   12.702172912 307752 307784
   12.702224272 307792 307992
   12.702279943 308000 308096
   12.702347512 308104 308272
   12.702352999 308280 308320
   12.702488150 308328 308336
   12.702552209 308344 308648
   12.702586820 586048 586056
   12.702666615 597760 597840
   12.702705740 597840 597848
   12.702731277 308656 308664
   12.704084257 308672 308840
   12.704141076 308848 308888
   12.704176551 308896 309016
   12.704221279 309024 309184
   12.704267388 586056 586072
   12.704299964 597848 597856
   12.704892433 597856 597872
   12.704929451 586072 586080
   12.704961259 309184 309304
   12.705006713 309312 309352
   12.705058406 309360 309600
   12.705130251 309608 309696
   12.737264754 309696 310016
   12.737432614 310024 310112
   12.737489685 310120 310208
   12.737498533 597872 597888
   12.738513032 310208 310520
   12.738602505 310528 310704
   12.738654851 586080 586088
   12.738688887 597888 597904
   12.740953986 597904 597920
   12.740993293 586088 586104
   12.741024882 310720 310808
   12.741067207 310816 310920
   12.741108740 310928 310976
   12.741144550 310984 311056
   12.741181168 311064 311232
   12.751357560 613112 614400
   12.753023984 320664 320688
   12.753301206 586328 586336
   12.787127122 622592 624640
   12.787204142 320688 320752
   12.787611583 320752 320792
   12.787672997 320800 320880
   12.787716160 598488 598496
   12.790543485 320880 321008
   12.790629622 321016 321024
   12.790671171 321032 321072
   12.790707837 321080 321096
   12.790740118 321104 321136
   12.790776790 586336 586352
   12.790810896 598496 598512
   12.802675395 321136 321176
   12.802730397 321184 321248
   12.802771663 321256 321272
   12.802802936 321280 321312
   12.802839458 321320 321424
   12.802879582 321432 321512
   12.802917439 321520 321528
   12.802965718 321536 321648
   12.803010280 586352 586368
   12.803020776 598512 598552
   12.809757718 321656 321680
   12.809833819 586368 586376
   12.810088052 321688 321752
   12.810198720 321752 321880
   12.812919966 324216 324248
   12.813275390 324248 324296
   12.813325741 598672 598688
   12.813408467 598688 598704
   12.813450031 324312 324424
   12.813787650 324440 324640
   12.813847996 324648 324696
   12.813884811 586408 586416
   12.822268413 624640 626688
   12.822708042 626688 628736
   12.827020231 628736 630784
   12.827421304 630784 632832
   12.827848395 632832 634880
   12.828022852 634880 636928
   12.845184110 636928 638976
   12.848293663 638976 641024
   12.851739580 641024 643072
   12.857773432 643072 645120
   12.857786745 645120 647168
   12.858679835 647168 649216
   12.870964922 649216 651264
   12.874025466 651264 652024
   12.875432821 652024 654072
   12.879230216 654072 656120
   12.881610970 656120 658168
   12.884857336 658168 660216
   12.887758560 660216 662264
   12.891226122 662264 664312
   12.893853303 664312 666360
   12.897608866 666360 668408
   12.900735439 668408 670456
   12.904039307 670456 672504
   12.907901763 672504 674552
   12.910940145 674552 676600
   12.914832753 676600 678648
   12.918064886 678648 680696
   12.920383204 680696 682744
   12.923032454 682744 684792
   12.930927427 337656 337688
   12.968202766 337688 337752
   12.968347052 337752 337880
   12.968659796 337880 337928
   12.968668465 337936 338008
   12.968712705 338016 338136
   12.968757681 599280 599296
   12.969453001 338136 338168
   12.969503878 338176 338192
   12.969539076 338200 338240
   12.969573440 338248 338384
   12.969637198 338392 338432
   12.969675192 338440 338528
   12.969724751 338536 338712
   12.969783391 338720 338736
   12.969789716 338744 339072
   12.969866953 586712 586760
   12.969905610 599296 599320
   12.969975446 586760 586768
   12.969978714 339080 339096
   12.970009579 339104 339160
   12.972853342 339160 339176
   12.972922130 339184 339200
   12.972970109 339208 339296
   12.973024633 339304 339432
   12.973068225 339440 339456
   12.973124152 339464 339672
   12.973177294 586768 586776
   12.973185050 599320 599352
   12.973975193 339672 339776
   12.974022535 339792 339848
   12.974057424 339856 339912
   12.974093743 339928 339984
   12.974127864 339992 340120
   12.974168767 340128 340184
   12.974220471 599352 599408
   12.974957393 599408 599416
   12.975006688 340184 340376
   12.975013577 340384 340696
   12.975677074 340696 340720
   12.975715144 340728 340840
   12.975755145 340856 341024
   12.975800497 341032 341120
   12.975840573 341128 341208
   12.975873604 586776 586784
   12.975904017 599416 599448
   12.977714148 341208 341584
   12.977959243 341592 341720
   12.978028096 586784 586792
   12.978722192 341720 341848
   12.978776092 341856 342088
   12.978828578 342096 342120
   12.978862752 342128 342144
   12.978896228 342152 342208
   12.978931848 342216 342232
   12.978967424 599448 599488
   12.979574738 599488 599512
   12.979614796 586792 586800
   12.979677083 342232 342296
   12.979716176 342304 342488
   12.979741151 342496 342528
   12.979787617 342536 342680
   12.979861557 342688 342744
   12.980428938 342744 342784
   12.980434256 342792 343088
   12.980470046 599512 599528
   12.980644040 599528 599536
   12.980680071 343096 343160
   12.980721385 343168 343256
   12.982387072 343256 343312
   12.982438454 343320 343464
   12.982490007 343480 343528
   12.982526813 343536 343768
   12.982586229 599536 599568
   12.995591817 343768 343840
   12.995649762 343848 344208
   12.995722667 586800 586816
   12.995757333 344216 344280
   12.996541411 344280 344368
   12.996589531 344376 344528
   12.996641525 344536 344608
   12.996679720 344616 344640
   12.996728038 344648 344696
   12.996813704 344704 344712
   12.997039616 344720 344752
   12.997197975 344760 344792
   12.997285105 599568 599624
   12.998831346 599624 599688
   12.998838515 586816 586824
   12.998901815 344792 344848
   12.998978176 344856 344912
   12.999153599 344920 344952
   12.999211790 344968 344992
   12.999274392 345000 345008
   12.999341187 345016 345056
   12.999348395 345064 345240
   12.999388092 345248 345296
   13.002139950 345304 345320
   13.002187340 345336 345360
   13.002224991 345368 345376
   13.002255512 345384 345504
   13.002300634 345512 345640
   13.002344923 345656 345816
   13.002405530 586824 586856
   13.002439649 599688 599712
   13.010764460 345816 345912
   13.010848901 345920 346328
   13.010947882 586856 586864
   13.011550434 586864 586888
   13.011592385 599712 599728
   13.011640578 346328 346344
   13.011676556 346352 346512
   13.011789614 346520 346528
   13.011833868 346536 346584
   13.011844807 346592 346728
   13.011871281 346736 346840
   13.012570109 346840 346856
   13.012615925 346864 347000
   13.012680494 347008 347072
   13.012736082 347080 347128
   13.012773103 347136 347264
   13.012779621 347272 347328
   13.012816042 347344 347352
   13.012853310 586888 586896
   13.012879843 599728 599776
   13.013581600 599776 599824
   13.013621425 347352 347448
   13.013660530 347456 347472
   13.013692460 347480 347544
   13.013733116 347552 347600
   13.013769619 347608 347640
   13.013804653 347648 347672
   13.013839118 347680 347864
   13.023618314 347864 347904
   13.023668511 347912 347944
   13.023703449 347952 348112
   13.023750206 348120 348248
   13.023795025 348256 348264
   13.023826411 348272 348376
   13.023869673 586896 586904
   13.023901705 599824 599856
   13.026319121 599856 599872
   13.026365841 586904 586912
   13.026402827 348376 348464
   13.026458707 348472 348568
   13.026499651 348576 348616
   13.026509452 348624 348888
   13.027713512 348888 348928
   13.027761425 348936 349032
   13.027804625 349040 349104
   13.027840857 349112 349400
   13.027911647 586912 586920
   13.027943405 599872 599888
   13.030350229 349400 349456
   13.030425622 349464 349496
   13.030467436 349504 349624
   13.030512019 349632 349912
   13.030596230 586920 586928
   13.030658730 599888 599904
   13.031323373 349912 349952
   13.031374037 349960 350000
   13.031410173 350008 350088
   13.031449334 350096 350320
   13.031530736 350328 350360
   13.031585248 350368 350424
   13.031591378 586928 586944
   13.031636994 599904 599928
   13.032223020 350424 350464
   13.032268356 350472 350520
   13.032306787 350528 350776
   13.032365166 350784 350792
   13.032430684 350800 350832
   13.032465173 350840 350936
   13.032471502 599928 599968
   13.033153378 599968 600016
   13.033194043 350936 350944
   13.033227577 350952 350968
   13.033260744 350976 351160
   13.033307357 351168 351296
   13.033349767 351304 351376
   13.033387461 351384 351392
   13.033420942 351400 351448
   13.034463453 351448 351504
   13.034475682 351512 351792
   13.034516352 600016 600024
   13.034660399 600024 600032
   13.034710191 586944 586960
   13.034759873 351800 351872
   13.034798823 351880 351936
   13.034807285 351944 351960
   13.079226482 684792 686840
   13.085732619 351960 352112
   13.085800495 352120 352200
   13.085840107 352208 352264
   13.085876329 352272 352744
   13.086041153 352760 352856
   13.086079850 352864 352952
   13.086120212 352960 352976
   13.086176270 600032 600096
   13.087592466 352984 353312
   13.087686725 353320 353368
   13.087741429 353376 353496
   13.087806675 586960 586968
   13.087867062 600096 600104
   13.089000685 353496 353584
   13.089136040 353592 353872
   13.089474357 586968 586976
   13.089579192 586976 586984
   13.089613355 600104 600112
   13.089655277 353880 354000
   13.090533427 354008 354320
   13.090633115 354328 354408
   13.090677650 354416 354512
   13.090719330 586984 586992
   13.090749852 600112 600128
   13.091214820 600128 600160
   13.091288406 354520 354616
   13.091331726 354632 354704
   13.091370076 354712 354872
   13.091421196 354880 355032
   13.092069496 355032 355120
   13.092117043 355128 355272
   13.092176342 355288 355320
   13.092212444 355328 355544
   13.092242056 586992 587000
   13.092354311 600160 600184
   13.093100092 355544 355592
   13.093164162 355600 355616
   13.093196933 355624 355672
   13.093246264 355680 355712
   13.093325172 355720 355928
   13.093378553 355952 356056
   13.093385774 587000 587032
   13.093422660 600184 600208
   13.094100328 356056 356344
   13.094176333 356352 356568
   13.094248864 587032 587040
   13.099350400 356568 356664
   13.099423217 356672 356680
   13.099457767 356688 356928
   13.099514635 356936 357056
   13.099583982 357064 357080
   13.099652494 600208 600240
   13.100333492 357080 357280
   13.100392548 357288 357344
   13.100430306 357352 357528
   13.100479958 357536 357592
   13.100516213 587040 587048
   13.100546973 600240 600256
   13.101058108 357592 357872
   13.101148050 357880 357984
   13.101189626 358000 358104
   13.101229063 600256 600280
   13.113573476 358104 358424
   13.113694884 358440 358536
   13.113743018 358544 358616
   13.113780950 587048 587056
   13.113814145 600280 600296
   13.114405219 358616 358768
   13.114461627 358776 358824
   13.114498463 358840 358928
   13.114538117 358936 358968
   13.114571290 358976 359080
   13.114610988 359088 359128
   13.114646147 587056 587064
   13.114676482 600296 600336
   13.115441814 359128 359136
   13.115481563 359144 359328
   13.115532565 359336 359400
   13.115571445 359408 359512
   13.115611540 359520 359576
   13.115645181 359584 359640
   13.115681443 587064 587072
   13.115711832 600336 600368
   13.116376086 600368 600408
   13.116381727 587072 587096
   13.116415084 359640 359768
   13.116454866 359776 359800
   13.116491784 359808 359888
   13.116579348 359896 359904
   13.116681426 359912 359952
   13.116770000 359960 360088
   13.116860468 360096 360128
   13.117037136 360136 360144
   13.117676970 360152 360160
   13.117717341 360168 360344
   13.117766625 360352 360488
   13.117826218 360496 360504
   13.117858030 360512 360664
   13.117863975 587096 587104
   13.117906164 600408 600432
   13.118511440 360664 360784
   13.118597658 360792 360816
   13.118632389 360824 360840
   13.118691325 360848 360856
   13.118902041 360864 360896
   13.119033751 360904 360952
   13.119138546 360960 361008
   13.119218902 361016 361064
   13.119269310 361072 361176
   13.119384261 587104 587128
   13.119395337 600432 600472
   13.120824679 361176 361240
   13.120901695 361248 361424
   13.120960139 361432 361464
   13.120997245 361472 361640
   13.121115686 361648 361680
   13.121153479 600472 600512
   13.122019791 361688 361784
   13.122070376 361792 361952
   13.122117701 361960 362144
   13.122178919 362152 362200
   13.122231581 600512 600536
   13.122985224 362216 362280
   13.123032549 362288 362448
   13.123077994 362456 362552
   13.123127283 362560 362640
   13.123210798 362648 362672
   13.123246401 362680 362712
   13.123254238 587128 587152
   13.123281047 600536 600568
   13.124159689 362712 362896
   13.124219304 362904 362936
   13.124254393 362944 363088
   13.124320397 363096 363104
   13.124364152 363112 363224
   13.124406514 587152 587160
   13.124456010 600568 600592
   13.125227762 363224 363368
   13.125281252 363376 363416
   13.125337875 363424 363432
   13.125381165 363440 363504
   13.125418712 363512 363544
   13.125450922 363552 363712
   13.125570525 363720 363736
   13.125603656 600592 600640
   13.126600143 363736 363840
   13.126709883 363848 363928
   13.126753640 363936 363952
   13.126786152 363960 364136
   13.126836036 364144 364184
   13.126887570 364192 364248
   13.126924473 587160 587176
   13.126934154 600640 600664
   13.127652404 364248 364376
   13.127708031 364384 364504
   13.127750844 364512 364696
   13.127798899 364704 364752
   13.127834205 600664 600696
   13.128519475 364760 364808
   13.128565396 364816 364880
   13.128604477 364888 365104
   13.128685264 365112 365272
   13.128746840 587176 587184
   13.128779243 600696 600712
   13.129386763 365272 365384
   13.129434840 365392 365408
   13.129467635 365416 365544
   13.129509812 365552 365600
   13.129543955 365616 365696
   13.129582030 365704 365784
   13.129647176 587184 587200
   13.129679985 600712 600744
   13.130248356 365784 365840
   13.130294320 365848 365864
   13.130343714 365872 365936
   13.130408027 365944 365968
   13.130457184 365976 365984
   13.130488633 365992 366048
   13.130497749 366056 366112
   13.130525720 366120 366224
   13.130597589 366232 366240
   13.130780738 366248 366296
   13.130786698 587200 587224
   13.130823408 600744 600792
   13.131537037 366296 366400
   13.131590842 366408 366456
   13.131627810 366464 366536
   13.131668330 366544 366752
   13.131723314 366760 366808
   13.131773483 587224 587232
   13.131847874 600792 600816
   13.132614009 366808 366848
   13.132660138 366864 366984
   13.132701938 366992 367024
   13.132735735 367032 367072
   13.132781502 367080 367128
   13.132871046 367144 367176
   13.132914044 367184 367240
   13.132935462 367248 367320
   13.132950728 587232 587248
   13.133010399 600816 600872
   13.133886809 600872 600888
   13.133997253 587248 587264
   13.134063670 367320 367360
   13.134186896 367368 367432
   13.134203061 367440 367448
   13.134362967 367456 367792
   13.134419799 367800 367832
   13.135933136 367832 367872
   13.136004904 367880 368000
   13.136049065 368008 368016
   13.136082823 368024 368080
   13.136169435 368088 368344
   13.136243208 587264 587272
   13.136282100 600888 600912
   13.136984126 368344 368368
   13.137027620 368376 368656
   13.137088827 600912 600928
   13.137127326 587272 587280
   13.137160322 368664 368840
   13.137208766 368848 368856
   13.137811354 368856 368872
   13.137847905 368880 369008
   13.137892388 369016 369320
   13.137956214 600928 600944
   13.137993806 587280 587288
   13.138025290 369328 369368
   13.359914625 686840 688888
   13.371903744 369368 369408
   13.372033242 369416 369432
   13.372071927 369440 369528
   13.372126596 369536 369736
   13.372249117 369744 369816
   13.372305693 369824 369920
   13.372393430 369928 369968
   13.372446978 369976 370136
   13.372550444 370144 370304
   13.372608550 370312 370320
   13.372641973 370328 370392
   13.372678071 587288 587320
   13.372713503 600944 600992
   13.465694948 370392 370480
   13.465772977 370488 370808
   13.465843396 587320 587328
   13.465886824 600992 601008
   13.465922361 370816 370896
   13.466471955 370912 371312
   13.466554591 601008 601016
   13.466596919 587328 587344
   13.466630605 371320 371392
   13.466669370 371400 371416
   13.502245347 688888 690936
   13.505399773 371424 371600
   13.505497081 371608 371712
   13.505541700 371728 371736
   13.505573878 371744 371776
   13.505606007 371784 372072
   13.505673222 372080 372176
   13.505713315 372184 372400
   13.505765158 372408 372440
   13.505798678 587344 587368
   13.505830674 601016 601064
   13.507282157 372440 372488
   13.507351796 372496 372536
   13.507471186 372544 372648
   13.507620737 372656 372888
   13.507703310 372896 372928
   13.507739031 372936 372952
   13.507817357 587368 587392
   13.507883118 601064 601080
   13.508935759 372952 373048
   13.509201774 373056 373224
   13.509288568 373232 373240
   13.509333455 373248 373256
   13.509369328 373264 373320
   13.509421571 373328 373464
   13.509540487 587392 587400
   13.509673824 601080 601112
   13.510493475 373464 373576
   13.510554731 373584 373784
   13.510607430 373792 373888
   13.510649319 373896 373936
   13.510682460 373944 373976
   13.510766282 587400 587408
   13.510811542 601112 601136
   13.511459419 373976 374408
   13.511550815 374416 374488
   13.511586594 587408 587416
   13.512165300 374488 374928
   13.512431902 374936 375000
   13.512513254 601136 601144
   13.513033387 375000 375072
   13.513084500 375080 375512
   13.513166445 601144 601152
   13.513794609 375520 375608
   13.513848572 375616 375656
   13.513885424 375664 375824
   13.513921056 375832 375912
   13.513942915 375920 376024
   13.513991634 587416 587440
   13.514021940 601152 601168
   13.514219138 690936 692984
   13.540998076 692984 695032
   13.553206898 695032 697080
   13.558293630 697080 699128
   13.562245802 699128 701176
   13.566115879 701176 703224
   13.569069952 703224 705272
   13.584544310 705272 707320
   13.585017286 707320 709368
   13.589343423 709368 711416
   13.595496988 711416 713464
   13.599505736 713464 715512
   13.602489924 715512 717560
   13.604735582 717560 719608
   13.609858904 719608 720896
   13.611883349 1036288 1038336
   13.614850856 1038336 1040384
   13.617785414 1040384 1042432
   13.621448945 1042432 1044480
   13.624881937 1044480 1046528
   13.628537910 1046528 1048576
   13.631496186 1048576 1050624
   13.634505669 1050624 1052672
   13.637494507 1052672 1054720
   13.640462897 1054720 1056768
   13.643230527 1056768 1058816
   13.644046301 1058816 1060864
   13.648492383 1060864 1062912
   13.651606825 1062912 1064960
   13.654832258 1064960 1065720
