    0.000208377 57344 59768
    0.002100812 59768 60168
    0.002841334 60168 61784
    0.003797847 4177928 4178536
    0.004298206 4178536 4179168
    0.004308170 61784 64312
    0.004728818 64312 66008
    0.008093351 66008 68512
    0.009372460 4179168 4179552
    0.024636557 68512 68920
    0.025399910 68920 70328
    0.026237602 4179552 4179656
    0.026623138 70328 72720
    0.027879937 4179656 4179984
    0.080921017 72720 73056
    0.081238922 73056 75600
    0.082348101 4179984 4180416
    0.171341954 75600 76008
    0.172081033 76008 78424
    0.193531876 4180416 4180544
    0.193695905 78424 78704
    0.194202646 78704 81256
    0.195425667 4180544 4180808
    0.313949613 81256 81448
    0.708913362 81448 83856
    0.710155905 83856 85112
    0.711315420 85112 87032
    0.712167674 4180808 4181096
    0.712600923 87032 89176
    0.713453953 89176 89760
    0.713980079 89760 92016
    0.714907399 4181096 4181408
    0.715104423 92016 92488
    0.715675894 92488 94824
    0.716509949 4181408 4182016
    0.735858819 94824 97184
    1.175833170 98304 98480
    1.179346059 97184 98304
    1.180458181 98480 98784
    1.180711178 102400 104160
    1.181646101 104160 106384
    1.185305651 106384 108936
    1.190722443 108936 111448
    1.192323232 98784 99392
    1.213119727 111448 113912
    1.257157572 113912 114568
    1.257756216 114568 117088
    1.258841282 99392 99664
    1.259063729 117088 117360
    1.364048902 117360 119520
    1.365850018 99664 100288
    1.366354241 119520 121072
    1.367956572 121072 123216
    1.368972525 100288 100608
    1.497666434 123216 125064
    1.497965394 125064 127040
    1.498279935 100608 100840
    1.499172513 127040 127944
    1.500549522 127944 130064
    1.501593576 100840 101376
    1.501923611 130064 130672
    1.502460323 130672 133136
    1.503253670 101376 101768
    1.503491136 133136 134696
    1.505079462 134696 137024
    1.506452494 101768 101936
    1.659503181 137024 138968
    1.659574760 138968 139408
    1.659882637 101936 102400
    1.660467495 139408 141896
    1.660508692 143360 143808
    1.661204796 141896 142224
    1.661737628 142224 143360
    1.662140633 143808 144240
    1.662398405 147456 148840
    1.663447766 148840 150888
    1.664074392 144240 144416
    1.664165796 150888 151840
    1.664898372 151840 154000
    1.665586019 144416 144552
    1.665837291 154000 154704
    1.666389233 154704 157168
    1.667213383 144552 144816
    1.667520882 157168 158688
    1.668306280 158688 161064
    1.668842311 144816 144960
    1.668912679 161064 161520
    1.669173140 144960 145216
    1.669368359 161520 163208
    1.857677372 163208 165568
    1.857829865 165568 168048
    1.858235492 145216 146352
    1.859123960 168048 168312
    1.859647783 168312 168744
    1.859790902 146352 146576
    1.860055513 168744 169256
    1.860555780 169256 171752
    1.861434494 146576 146624
    1.861544973 171752 172416
    1.862065010 172416 174944
    2.074372831 174944 177496
    2.075067151 177496 179320
    2.075708807 179320 181808
    2.077216966 181808 184288
    2.078023911 184288 186568
    2.078600266 186568 189080
    2.079128320 192512 194856
    2.079817711 146624 147456
    2.082599712 194856 197328
    2.083138372 197328 197616
    3.593548342 197616 198384
    3.594802492 198384 200832
    3.595977203 189080 189304
    3.596263953 200832 201312
    3.596707986 201312 203824
    3.597649245 189304 189800
    3.598212816 189800 190224
    3.598666254 203824 206120
    3.599576298 206120 208456
    3.600106239 208456 208984
    3.600288096 208984 209784
    3.600469370 190224 190368
    3.894050940 209784 210208
    3.894460764 210208 211264
    3.895193516 211264 213344
    3.896025023 190368 190536
    3.896228235 213344 214728
    3.896763217 214728 217096
    3.897716031 190536 190616
    3.899171086 217096 218928
    4.137879884 218928 219768
    4.138296307 190616 190696
    4.138408414 219768 219944
    4.138600774 219944 220616
    4.141157707 220616 221784
    4.141853345 190696 190824
    4.142919267 221784 222288
    4.143564994 222288 224568
    4.144314249 190824 191320
    4.144545815 224568 225208
    4.145022968 225208 227736
    4.145905612 191320 191592
    4.146115863 227736 228576
    4.147247744 228576 231000
    4.148211068 191592 191744
    4.148541102 231000 233096
    4.149015340 233096 234296
    4.149530153 234296 236728
    4.149926300 191744 191952
    4.150066382 236728 237592
    4.150329624 237592 238520
    4.150582974 191952 192240
    4.151003024 238520 240656
    4.151613421 240656 242992
    4.152088570 192240 192512
    4.152616605 242992 245400
    4.153110873 245400 245896
    4.153268705 249856 250432
    4.153637510 250432 252896
    4.154006348 245896 245928
    4.154046281 252896 253168
    4.302205878 253168 255712
    4.302495848 245928 246104
    4.302722556 255712 257184
    4.303228911 257184 259712
    4.303846913 246104 246264
    4.304258990 246264 246528
    4.304353826 259712 261816
    4.305033792 261816 263984
    4.305891196 263984 266216
    4.501888934 266216 268728
    4.502241987 268728 271288
    4.654288355 246528 249072
    4.655898693 249072 249856
    4.800922537 271288 273576
    4.947168319 273576 275728
    4.947829011 275728 278272
    4.948328987 278272 280808
    4.948773813 280808 283192
    4.949589283 283192 285592
    4.949982280 285592 288032
    4.950264690 288032 290384
    4.951028803 290384 290816
    4.951473293 290816 293312
    4.952679535 293312 294912
    5.108657987 294912 297168
    5.109247934 297168 299504
    5.109645568 299504 301368
    5.110075065 301368 303872
    5.110527318 303872 306256
    5.110951717 306256 308648
    5.111382575 308648 311088
    5.266317740 311088 313608
    5.266885264 313608 316008
    5.267854072 316008 318344
    5.268388530 318344 320808
    5.268983642 320808 323248
    5.269225427 323248 325616
    5.269861963 325616 328144
    5.270712262 328144 330680
    5.272016025 330680 331776
    5.272510080 331776 334184
    5.273081003 334184 336704
    5.273446661 336704 339168
    5.328656394 339168 341448
    5.329097823 341448 343736
    5.329368911 343736 346048
    5.329738854 346048 348320
    5.637903230 348320 350592
    5.638207994 350592 353064
    5.638529964 353064 355360
    5.638859088 355360 357520
    6.330921573 357520 359904
    6.331196759 359904 362296
    6.482854133 362296 364744
    6.628982994 364744 366904
    6.629563374 366904 369456
    6.630045430 369456 372008
    6.630864567 372008 372736
    6.631276419 372736 375176
    6.631720332 375176 377232
    6.632017563 377232 379680
    6.632494247 379680 382008
    6.632841502 382008 384376
    6.633111437 384376 386776
    6.633437483 386776 389192
    6.960736600 389192 391616
    6.961158555 391616 393896
    6.962777929 393896 396440
    6.963212310 396440 398864
    6.963778504 398864 401368
    6.964291924 401368 403656
    6.964603218 403656 406080
    6.964885932 406080 408520
    6.965316385 408520 411048
    7.144000086 411048 413328
    7.144408141 413328 415720
    7.144793101 415720 418272
    8.097452800 421888 424280
    8.097733954 424280 426664
    8.098139301 426664 429096
    8.098500434 429096 431432
    8.098836963 431432 433888
    8.099146783 433888 434664
    8.099250972 418272 418888
    9.594319028 418888 419344
    9.594594272 434664 437136
    9.596340000 437136 439352
    9.597023050 419344 419616
    9.688910914 439352 441816
    9.757046294 441816 443856
    9.757685937 419616 420224
    9.790581499 443856 444792
    9.813098208 444792 445016
    9.813177630 420224 420456
    9.813724309 445016 445768
    9.859208644 445768 448328
    9.859808491 420456 420760
    9.861073489 448328 448768
    9.922985385 448768 451288
    9.923128803 420760 421064
    9.927434686 421064 421344
    9.927881158 451288 453616
    9.931469925 453616 456160
    9.932267924 456160 458256
   10.166696936 421344 421456
   10.426262649 421456 421552
   10.426388946 458256 460432
   10.427237099 460432 462552
   10.427977418 462552 464936
   10.428698162 421552 421792
   10.576322507 464936 465336
   10.585995853 465336 467184
   10.586510797 421792 421888
   10.615324301 471040 471384
   10.633395108 471384 473784
   10.641846804 467184 467496
   10.707080708 467496 467936
   10.707224942 473784 475920
   10.707913082 475920 477184
   10.708372963 477184 478008
   10.805434978 478008 480376
   10.806115154 467936 468376
   10.897918318 480376 480872
   10.919680676 480872 482912
   10.920182284 468376 468512
   10.977152243 482912 484024
   11.555891973 484024 484384
   11.558197015 484384 486392
   11.559025978 468512 468952
   11.560272292 486392 487752
   11.563495446 487752 490280
   11.564073024 468952 469792
   11.566460309 490280 490720
   11.568022684 490720 493208
   11.569211597 469792 470576
   11.569651991 493208 494008
   11.573881665 494008 494264
   11.573887717 470576 471040
   11.574126406 494264 495632
   11.574795270 495632 495936
   11.603065844 499712 502152
   11.603172193 502152 503784
   11.697614979 503784 504984
   11.698091004 495936 496384
   11.888996462 496384 496408
   11.889595212 496408 496792
   11.889732250 504984 507472
   11.890983934 507472 508560
   11.891948023 508560 511048
   11.956997344 496792 497208
   11.958647354 511048 511768
   12.026262828 511768 514248
   12.026306714 497208 497672
   12.451489295 514248 515816
   12.453454690 515816 516160
   12.467532635 497672 498024
   12.470101625 498024 498216
   12.605137301 516160 518600
   12.605716435 518600 520504
   12.606056823 520504 522552
   12.607179544 498216 498680
   12.608141407 522552 523072
   12.614402362 523072 525544
   12.614446311 498680 498888
   12.619628751 498888 499360
   12.619928772 525544 527688
   12.621092844 527688 528064
   12.621582930 528064 529112
   12.621826617 499360 499712
   12.681577724 529112 531040
   12.682095040 532480 532672
   12.682739371 531040 532064
   12.722102799 532672 532768
   12.930014499 532768 533088
   12.930328314 532064 532480
   12.930548632 536576 537336
   12.931062782 537336 539800
   12.931715664 533088 533360
   12.932333795 539800 541936
   13.047987127 541936 544440
   13.048533803 533360 533528
   13.099311191 533528 534152
   13.100128523 544440 546488
   13.102198651 546488 547216
   13.103137386 547216 549408
   13.106536215 534152 534816
   13.108174454 549408 551800
   13.621310117 551800 552080
   13.747927997 552080 554184
   13.748791756 554184 556472
   13.749527564 534816 534936
   13.752093654 556472 558816
   13.752806858 558816 560656
   13.757872806 560656 562968
   13.758374475 534936 535256
   13.758599635 562968 563776
   13.810281651 563776 566272
   13.811392615 535256 535528
   13.820852706 566272 566584
   13.866697794 535528 535616
   13.961925950 566584 567584
   13.962704253 567584 569744
   13.975010776 535616 535928
   13.978187434 569744 571160
   14.033429185 571160 573720
   14.034339236 535928 536216
   14.058270645 573720 574072
   14.058518473 574072 574944
   14.058674914 536216 536320
   14.126030940 574944 576208
   14.206392330 576208 578632
   14.207497578 578632 579800
   14.271897226 579800 581400
   14.271910212 536320 536576
   14.272565214 581400 581872
   14.307035722 585728 587456
   14.307134992 587456 588664
   14.307811039 588664 589888
   14.308050756 581872 582080
   14.308193490 589888 590776
   14.308425345 590776 590920
   14.308488903 582080 582192
   14.308708776 590920 592040
   14.309413547 592040 594168
   14.309576545 582192 582312
   14.309770440 594168 595784
   14.440962462 595784 598288
   14.441332668 582312 582528
   14.655057094 598288 598936
   14.655537600 598936 601088
   14.657119357 582528 582776
   14.657289548 601088 601504
   14.657643020 601504 603744
   14.658050107 582776 582824
   14.658107046 603744 604152
   14.658403813 604152 606640
   14.771591205 582824 582888
   14.771895752 606640 608080
   14.859413092 608080 610512
   14.861134462 582888 583032
   14.862734468 610512 610848
   14.863294869 610848 613048
   14.913037338 583032 583408
   14.940687447 613048 615240
   14.941453878 615240 617272
   14.941966988 583408 583696
   14.942237550 617272 617768
   14.942938906 617768 620168
   14.943347470 583696 584120
   14.943720237 620168 621672
   14.943945350 621672 622792
   14.944397396 622792 625256
   14.944854280 584120 584336
   14.945196065 625256 625864
   14.946125168 625864 628320
   14.946665392 584336 584440
   14.946876535 628320 628656
   14.947405679 628656 630784
   14.947660084 584440 584576
   14.947849918 630784 631488
   15.100399029 631488 633672
   15.100524592 584576 584864
   15.100743667 633672 636064
   15.101347801 636064 638368
   15.101670497 584864 584936
   15.101724067 638368 639112
   15.102422129 639112 641640
   15.102795194 584936 585600
   15.103332047 641640 644000
   15.103800466 644000 644664
   15.104107888 644664 645640
   15.104220227 585600 585728
   15.104671467 645640 647272
   15.105194285 651264 651464
   16.074923011 647272 647768
   16.075209866 651464 653864
   16.076298794 653864 656240
   16.077671744 647768 648112
   16.077907952 656240 656752
   16.078240959 648112 648800
   16.078589823 656752 657032
   16.079332799 657032 659536
   16.079638304 648800 649232
   16.079836952 659536 660072
   16.080108112 660072 662464
   16.080314131 649232 649424
   16.080926752 649424 649784
   16.081043462 662464 664912
   16.081457265 664912 667368
   16.082277196 667368 669880
   16.082552056 669880 672136
   16.082840802 649784 650024
   16.083113433 672136 673800
   16.083865841 673800 676304
   16.084308538 650024 650264
   16.084670839 676304 678496
   16.085278177 678496 680624
   16.085533465 650264 650712
   16.086422029 680624 683144
   16.087116399 683144 685536
   16.087320246 650712 651248
   16.087947746 685536 687904
   16.088385147 687904 689248
   16.089080914 689248 691528
   16.089294906 692224 692392
   16.089369428 651248 651264
   16.089531935 691528 692224
   16.093905502 692392 694864
   16.142791653 694864 696320
   16.180368967 696320 698736
   16.187363024 698736 700936
   16.199937391 700936 703432
   16.213320043 703432 705560
   16.220733266 705560 708088
   16.267233318 708088 710424
   16.278622102 710424 712968
   16.445174058 712968 715336
   16.445492479 715336 717712
   16.445957209 717712 719712
   16.446341437 719712 721888
   16.446577293 721888 724112
   16.446872403 724112 726432
   16.596477856 726432 728496
   16.596778917 728496 730952
   16.597060546 730952 733464
   16.597465981 733464 736016
   16.916695989 737280 739496
   17.109623693 739496 742040
   17.273223733 742040 744392
   17.273793756 744392 746680
   17.274116000 746680 749184
   17.274431189 749184 751560
   17.275098740 751560 753672
   17.275685098 753672 756208
   17.275935417 756208 758384
   17.276321162 758384 760472
   17.276741298 760472 762856
   17.277165809 762856 765392
   17.453445819 765392 767584
   17.453687989 767584 770120
   17.453927873 770120 772176
   17.454363222 772176 774448
   17.454663210 774448 776968
   17.455026032 776968 779472
   17.455676412 779472 781520
   17.688297981 736016 737280
   17.690191041 781520 784000
   17.690728916 784000 786432
   17.691383635 786432 788856
   17.691635503 788856 791176
   17.691939242 791176 793640
   17.692408915 793640 796136
   17.692711778 796136 798568
   17.693007425 798568 800976
   17.693477174 800976 803504
   18.147402577 803504 805608
   18.147935263 805608 808072
   18.148205324 808072 810520
   18.148502723 810520 812792
   18.381936150 812792 815352
   18.382439660 815352 817760
   18.382900500 817760 820088
   18.383242642 820088 822520
   18.487254008 822520 825000
   18.487804668 825000 826080
   18.488184912 827392 829912
   18.494721846 829912 832392
   18.549955109 832392 834872
   18.589324225 834872 837208
   18.635428397 837208 839392
   18.689726651 839392 840824
   18.728395400 840824 843336
   18.776496840 843336 845632
   19.271282744 845632 848096
   19.271585743 848096 850424
   19.271845420 850424 852760
   19.272094781 852760 854856
   19.272271014 854856 857312
   19.272465589 857312 857760
   19.272587013 860160 860296
   19.272729525 4186112 4187136
   19.303578418 4187136 4188160
   19.350601674 4190216 4191680
   19.393803763 4191680 4193328
   19.439503903 4193328 4194304
   19.483753582 4189184 4190080
   19.528306948 4188160 4189184
   20.700027341 826080 826264
   20.700298118 857760 860160
   20.701467056 864256 864600
   20.702009557 864600 867144
   20.703398162 826264 826416
   20.703630193 867144 868736
   20.704110634 868736 869408
   20.704339961 826416 826624
   20.704529199 869408 870104
   20.704890852 870104 870560
   20.704988366 826624 826696
   20.706542118 826696 827192
   20.706830331 870560 872856
   20.707130707 872856 874368
   20.708192826 874368 876656
   20.708438194 827192 827392
   20.709271062 876656 878760
   20.709658554 880640 881232
   20.710214100 878760 879440
   20.711016746 879440 880640
   20.711431700 881232 881528
   20.712410440 881528 882024
   20.712584502 884736 887080
   20.713079068 887080 889504
   20.713762647 889504 891376
   20.714718311 891376 893832
   20.715345407 882024 882592
   20.715781195 893832 894544
   20.716453974 894544 896952
   20.716888454 882592 882784
   20.717140964 896952 898856
   20.717819276 898856 900056
   20.718095374 882784 882952
   20.718622634 900056 902168
   20.719796994 902168 904640
   20.721158933 904640 906712
   20.775301785 906712 908840
   20.778609090 908840 911384
   20.815969893 911384 913904
   20.837761387 913904 916464
   20.843686294 916464 917504
   20.855098570 917504 920016
   20.863379491 920016 922552
   20.866775880 922552 924944
   20.873022011 924944 927344
   21.033400983 882952 884736
   21.063092693 863168 863544
   21.107286761 927344 929560
   21.112651699 929560 931736
   21.157678105 931736 934088
   21.171335290 934088 936312
   21.184347584 936312 938664
   21.207188055 938664 940608
   21.212866005 940608 943032
   21.224594985 943032 945144
   21.273993405 945144 947488
   21.323627321 947488 949648
   21.355569043 949648 951872
   21.410813291 951872 954296
   21.426017492 954296 956784
   21.444289597 956784 958464
   21.496171166 958464 961016
   21.500607468 961016 963560
   21.540942917 963560 965552
   21.564147838 965552 967968
   21.570864754 967968 970104
   21.616176847 970104 972664
   21.662512318 972664 975064
   21.712684380 975064 977536
   21.757557103 977536 980072
   21.808201211 980072 982552
   21.861010861 982552 984376
   21.911139466 984376 986592
   21.931980531 986592 987856
   21.986441583 987856 989968
   22.041755969 989968 991968
   22.093773546 991968 994488
   22.141493296 994488 997016
   22.174378851 997016 999392
   22.174871373 999392 1001816
   22.177617959 1001816 1004352
   22.180590201 1004352 1006816
   22.733965489 1007616 1010080
   22.735378069 1006816 1007616
   22.740502173 1010080 1012328
   22.744156818 1012328 1014560
   22.745077146 1014560 1017080
   22.791388657 1017080 1019616
   22.811881537 1019616 1021976
   22.849008120 1021976 1024504
   22.896959178 1024504 1026680
   22.948277193 1026680 1029024
   22.992136196 1029024 1031496
   23.026213069 1031496 1033928
   23.060156418 1033928 1036416
   23.063459420 1036416 1038928
   23.066372290 1038928 1041128
   23.106394776 1041128 1043472
   23.144971950 1043472 1045808
   23.191091779 1045808 1048352
   23.236485757 1048352 1050320
   23.281082400 1052672 1055152
   23.329390580 1055152 1057600
   23.378283821 1057600 1059912
   23.421206165 1059912 1062432
   23.458057654 1062432 1064744
   23.488160306 860296 861624
   23.526230456 861624 863168
   23.564855621 1064960 1065984
   23.619855334 4190080 4190208
   23.664982403 1065984 1067008
   23.710596484 1067008 1068032
   23.758488175 1068032 1069056
   23.804371868 1069056 1069776
   25.258001938 1073152 1075656
   25.259111082 1064744 1064960
   25.259256964 1050320 1050648
   25.259606762 1075656 1077024
   25.260902324 1077024 1079256
   25.264020730 1050648 1050920
   25.264401781 1079256 1079600
   25.264920826 1079600 1082008
   25.265887379 1050920 1051336
   25.266182492 1082008 1082576
   25.266621530 1082576 1084368
   25.267405112 1051336 1051680
   25.267766232 1084368 1085296
   25.268549197 1085296 1087040
   25.269293544 1051680 1051976
   25.269422343 1087040 1087592
   25.269923885 1087592 1089512
   25.270763627 1051976 1052672
   25.271749065 1089512 1090368
   25.272274490 1093632 1095944
   25.273446017 1095944 1097792
   25.274336679 1097792 1099904
   25.275109007 1090368 1090440
   25.275200406 1099904 1100328
   25.275564781 1100328 1101576
   25.276015217 1090440 1090464
   25.276242093 1101576 1102840
   25.277256123 1102840 1104976
   25.279485140 1090464 1090928
   25.279788309 1104976 1105704
   25.280365262 1105704 1108040
   25.281074942 1090928 1091608
   25.281438689 1108040 1108352
   26.644079164 1091608 1093632
   26.693481776 1108352 1110704
   26.697022458 1110704 1113120
   26.700060026 1113120 1115232
   26.703493670 1115232 1117176
   26.706740990 1117176 1119304
   26.728945726 1119304 1120936
   26.759988951 1120936 1123392
   26.806119356 1123392 1125904
   26.858364410 1125904 1128448
   26.859286554 1128448 1130960
   26.907287811 1130960 1133408
   26.921200960 1133408 1134592
   26.924288152 1134592 1137144
   26.925951655 1137144 1138688
   26.964852659 1138688 1140960
   26.965786897 1140960 1143384
   26.999179757 1143384 1145840
   27.043077179 1145840 1148096
   27.043896855 1148096 1150248
   27.086170634 1150248 1152768
   27.128903954 1152768 1155192
   27.169319523 1155192 1157168
   27.169796011 1157168 1159280
   27.210233858 1159280 1161808
   27.250775389 1161808 1164072
   27.251227429 1164072 1166616
   27.308670000 1166616 1168952
   27.346316832 1168952 1171248
   27.346758853 1171248 1173384
   27.380804853 1173384 1175792
   27.425693676 1175792 1178312
   27.465943798 1178312 1179648
   27.466379104 1179648 1182208
   27.512389080 1183744 1186264
   27.564616172 1186264 1188560
   27.565443230 1188560 1190864
   27.608830075 1190864 1192688
   27.656169476 1192688 1194904
   27.656580476 1194904 1197376
   27.699242022 1197376 1199744
   27.746836033 1199744 1202240
   27.747438276 1202240 1204464
   27.772165715 1204464 1207000
   27.817557095 1182208 1183744
   27.872361973 1207000 1209384
   27.872996466 1209384 1211912
   27.915913966 1211912 1214328
   27.968678083 1214328 1216328
   27.969332731 1216328 1218720
   28.007438362 1218720 1220888
   28.048150902 1220888 1223272
   28.048743108 1223272 1225768
   28.091546884 1225768 1228328
   28.138790601 1228800 1231328
   28.139364048 1228328 1228800
   28.186300766 1231328 1233560
   28.223397938 1233560 1235984
   28.276012416 1235984 1238304
   28.276433298 1238304 1240800
   28.302086191 1240800 1243056
   28.344519752 1243056 1245192
   28.345015672 1245192 1247632
   29.273586167 1247632 1249936
   29.274946668 1249936 1252056
   29.275803601 1252056 1254232
   29.277040469 1254232 1256576
   29.278007728 1256576 1258672
   29.279267495 1258672 1261032
   29.280059288 1261032 1263336
   29.280800702 1263336 1265768
   29.281550135 1265768 1268232
   29.282566770 1268232 1269704
   29.283020363 1269760 1270184
   29.283149785 1273856 1275136
   29.283528536 1275136 1276352
   29.284081153 1277952 1278976
   29.284578375 1278976 1279560
   29.284843928 863544 864256
   29.285747361 1069776 1070800
   29.286041637 1070800 1071824
   29.286405267 1071824 1072848
   29.286804065 1072848 1073152
   29.641588213 1269704 1269760
   29.641711944 1270184 1270784
   29.641916338 1282048 1283824
   29.642715770 1283824 1284192
   29.643373371 1284192 1286704
   29.644291844 1270784 1271080
   29.644679254 1286704 1289240
   29.645452581 1289240 1289656
   29.646029548 1289656 1291224
   29.646971756 1291224 1293560
   29.647573717 1271080 1271480
   29.647906866 1293560 1295936
   29.648875769 1295936 1298152
   29.649489678 1271480 1272208
   29.654204214 1298152 1300496
   29.655905601 1300496 1300904
   29.656244091 1300904 1302840
   29.656707074 1272208 1272328
   29.656950921 1302840 1303240
   29.657369201 1303240 1305208
   29.657948184 1272328 1272576
   29.658095810 1305208 1306352
   29.658806720 1306352 1308608
   29.659528549 1272576 1273320
   29.659789901 1308608 1309208
   29.660597904 1309208 1309840
   29.660905915 1273320 1273336
   29.677669309 1273336 1273856
   29.695770422 1309840 1312376
   29.708418445 1312376 1314632
   29.710472962 1314632 1317144
   29.719958077 1317144 1319624
   29.753532188 1319624 1322088
   29.754186486 1322088 1323008
   29.760929332 1323008 1325512
   29.814456540 1325512 1327936
   29.821213387 1327936 1330296
   29.867967150 1330296 1332488
   29.868446438 1332488 1334848
   29.874472550 1334848 1337272
   29.905092114 1337272 1339504
   29.949052410 1339504 1341904
   29.949613662 1341904 1344416
   29.956370202 1344416 1346616
   29.997594014 1346616 1348992
   30.039521149 1348992 1351400
   30.052022461 1351400 1353512
   30.103107484 1353512 1355912
   30.109650460 1355912 1358360
   30.145896022 1358360 1359872
   30.158073283 1359872 1362288
   30.165343688 1362288 1363968
   30.198082350 1363968 1366400
   30.201624043 1366400 1368896
   30.222328699 1368896 1371056
   30.265683003 1371056 1372440
   30.278882612 1372440 1373768
   30.291828582 1373768 1375368
   30.311918518 1375368 1377680
   30.312560701 1377680 1380016
   30.321977078 1380016 1382360
   30.477058882 1382360 1384848
   30.525354524 1384848 1387136
   30.576831744 1387136 1389528
   30.628841979 1389528 1391832
   30.677697232 1391832 1393696
   30.695443860 1393696 1396160
   30.742357470 1396160 1398400
   30.744764215 1398400 1400864
   30.747921591 1400864 1403296
   30.778647098 1403296 1405784
   30.820119800 1409024 1411528
   30.862602467 1408328 1409024
   30.898498445 1411528 1414088
   30.944189867 1414088 1416608
   30.987690141 1416608 1419072
   31.023944783 1419072 1421616
   31.069412262 1405784 1408328
   31.115304206 1421616 1423880
   31.156479303 1423880 1425760
   31.200991689 1425760 1428248
   31.250627258 1428248 1430328
   31.275859425 1430328 1432728
   31.327439388 1432728 1434864
   31.362324789 1434864 1437328
   31.411876237 1437328 1439664
   31.461906091 1439664 1442136
   31.504212363 1442136 1443960
   31.530495798 1443960 1446432
   31.557616819 1446432 1448912
   31.597921802 1448912 1451320
   31.638749702 1451320 1453768
   31.692365445 1453768 1455960
   31.753718628 1458176 1460528
   31.801682700 1460528 1462936
   31.842044934 1462936 1465272
   32.384110978 1465272 1467624
   32.387941842 1467624 1470032
   32.391317259 1470032 1472504
   32.392176888 1472504 1473944
   32.432607029 1276352 1277608
   32.468193821 1277608 1277952
   32.491869203 1279560 1280592
   32.543459961 1280592 1281624
   32.596542531 1281624 1282048
   32.596712152 1474560 1475960
   32.600591272 1478656 1479680
   32.603420301 1479680 1480704
   32.649348247 1480704 1481360
   34.339858325 1473944 1474320
   34.340363459 1474320 1474560
   34.340452619 1482752 1484696
   34.341095695 1455960 1456144
   34.341385894 1484696 1487256
   34.342751475 1487256 1489728
   34.344231852 1456144 1456768
   34.344798198 1489728 1491832
   34.345222242 1491832 1493344
   34.345681118 1456768 1457288
   34.346014516 1493344 1493816
   34.349435574 1493816 1496104
   34.642084315 1457288 1458176
   34.824829657 1496104 1498648
   34.893582826 1498648 1501184
   34.957240205 1503232 1505648
   35.024475905 1505648 1508192
   35.026347760 1508192 1510096
   35.074070315 1510096 1512648
   35.116479043 1512648 1515096
   35.116901401 1515096 1517464
   35.169093162 1501184 1503232
   35.224872326 1517464 1519920
   35.225779030 1519920 1521976
   35.269689278 1521976 1524392
   35.282241843 1524392 1526944
   35.285547270 1526944 1529064
   35.287961182 1529064 1531368
   35.332368915 1531368 1533424
   35.332979232 1533424 1535624
   35.381746418 1535624 1537552
   35.419731987 1537552 1539568
   35.420466411 1539568 1541864
   35.471668920 1541864 1544192
   35.517370284 1544192 1546712
   35.518228272 1546712 1548288
   35.560041009 1548288 1550488
   35.595562956 1550488 1552744
   35.633299718 1552744 1554304
   35.633721489 1554304 1555264
   35.674928919 1555264 1556192
   35.712377123 1556192 1557296
   35.760415730 1557296 1559720
   35.761048191 1559720 1561936
   35.789476676 1561936 1564216
   35.833122681 1564216 1566728
   35.833626670 1566728 1569000
   35.874651891 1569000 1571520
   35.904170033 1571520 1574024
   35.921616899 1574024 1576576
   35.921841715 1576576 1579064
   35.941744797 1579064 1581376
   35.961675615 1581376 1583792
   36.005199661 1583792 1586040
   36.047425909 1586040 1588248
   36.047683965 1588248 1589248
   36.091494119 1589248 1590928
   36.140921881 1590928 1593248
   36.141485774 1593248 1593344
   36.179570159 1593344 1595728
   36.222831193 1595728 1598064
   36.223785986 1598064 1599456
   36.271415353 1599456 1600240
   36.321075674 1600240 1601136
   36.321268148 1601136 1602080
   36.373532873 1602080 1602856
   36.423759240 1602856 1603736
   36.423910151 1603736 1604712
   36.471371507 1604712 1606192
   36.517556632 1606192 1608472
   36.518088073 1608472 1609120
   36.559047352 1609120 1611008
   36.576301584 1611008 1612856
   36.610421357 1612856 1614784
   36.653355152 1614784 1616256
   36.653714243 1616256 1618072
   36.654274812 1618072 1620296
   36.696759732 1620296 1622304
   36.739003906 1622304 1624168
   36.739438633 1624168 1626560
   36.765201615 1626560 1628992
   36.786391714 1628992 1631544
   36.803837464 1631544 1633904
   36.823216585 1633904 1636152
   36.823858731 1636152 1638648
   36.835699130 1638648 1640944
   36.851944723 1640944 1643456
   36.869142990 1643456 1644456
   37.033298808 1646592 1648968
   37.033780402 1648968 1651360
   37.034761648 1651360 1653408
   37.083332304 1653408 1655328
   37.097831368 1655328 1657888
   37.135820614 1657888 1660080
   37.136424258 1660080 1662360
   37.159789688 1662360 1664792
   37.162322488 1664792 1667288
   37.164330643 1667288 1669824
   37.172848984 1669824 1671168
   37.223025897 1475960 1476536
   37.223122883 1476536 1477856
   37.262335916 1477856 1478560
   37.295138544 1481360 1482384
   37.340730528 1482384 1482752
   37.340807335 1671168 1672208
   37.386128118 1672208 1673232
   37.443609048 1673232 1674256
   37.443834730 1674256 1675264
   37.485259675 1675264 1675368
   37.540976116 1679360 1680680
   38.234885610 1680680 1681928
   38.235269611 1681928 1682112
   38.235337724 1644456 1644568
   38.279111848 1682112 1682424
   38.279348695 1682424 1683848
   38.279938708 1683848 1684304
   38.280141635 1644568 1644592
   38.280329279 1684304 1684824
   38.280840940 1684824 1687296
   38.281876891 1644592 1645184
   38.282172856 1645184 1645272
   38.282230806 1687296 1687544
   38.282608389 1687544 1689024
   38.283338161 1689024 1689880
   38.284343308 1689880 1692368
   38.284890925 1645272 1645712
   38.285487852 1692368 1694680
   38.286639065 1694680 1696776
   38.287267109 1645712 1645856
   38.287532378 1696776 1699256
   38.288787598 1699256 1701776
   38.289608277 1645856 1646552
   38.289985985 1701776 1703040
   38.290673607 1703040 1704056
   38.291132105 1646552 1646592
   38.299835405 1704056 1706584
   38.306400969 1706584 1708032
   39.442024342 1708032 1710472
   39.804490457 1710472 1712688
   39.805411183 1712688 1715216
   39.806413869 1715216 1717656
   40.150383041 1717656 1720104
   40.170609915 1720104 1722592
   40.275635426 1722592 1725056
   40.278755781 1725056 1727568
   40.281748071 1727568 1729912
   40.285750945 1729912 1731800
   40.288706449 1731800 1734272
   40.333858326 1734272 1736464
   40.379862182 1736464 1738912
   40.380366346 1738912 1741448
   40.426173682 1741448 1743680
   40.477050764 1743680 1746144
   40.477988566 1746144 1748544
   40.870184280 1748544 1750984
   40.871118926 1750984 1753208
   40.871963613 1753208 1755168
   40.872399396 1755168 1757688
   40.873053506 1757688 1758040
   40.873252894 1761280 1763456
   40.876069704 1763456 1765984
   40.878996749 1765984 1766768
   40.881309395 1766768 1767688
   40.918378536 1767688 1768576
   40.962232687 1769472 1770736
   40.962470929 1770736 1771944
   40.969042043 1773568 1774600
   41.006854326 1478560 1478656
   41.019239689 1675368 1676392
   41.020342719 1676392 1677424
   41.021885618 1677424 1678448
   41.023520086 1678448 1679360
   41.024860249 1774600 1775200
   41.559057194 1758040 1760536
   41.562679662 1760536 1761280
   41.564173932 1768576 1769472
   41.565798432 1777664 1779584
   41.568596632 1779584 1781944
   41.571698369 1781944 1784128
   41.574634609 1784128 1786448
   41.577686930 1786448 1788960
   41.581471526 1788960 1791520
   41.810344210 1791520 1793976
   41.811101371 1793976 1796240
   41.813953193 1796240 1798664
   41.816992926 1798664 1800888
   41.820152495 1800888 1803200
   41.823044504 1803200 1805624
   41.844050812 1805624 1808160
   41.885637447 1810432 1812848
   41.886641230 1812848 1815312
   41.942193310 1815312 1817680
   41.986223815 1817680 1819848
   41.986913137 1819848 1822320
   42.034152108 1822320 1824544
   42.082197067 1824544 1827040
   42.082721333 1827040 1829080
   42.118354023 1829080 1831592
   42.163160962 1831592 1833328
   42.163354478 1833328 1835024
   42.202845503 1835024 1837104
   42.255091946 1808160 1810432
   42.255662526 1837104 1839032
   42.293749673 1839032 1841328
   42.348994674 1841328 1842824
   42.380411421 1842824 1844408
   42.380868260 1844408 1845688
   42.412870810 1845688 1847360
   42.448686629 1847360 1848720
   42.490066983 1848720 1851280
   42.490765633 1851280 1853296
   42.534893291 1853296 1855488
   43.033885844 1855488 1858048
   43.036911214 1858048 1859584
   43.037917596 1859584 1861920
   43.038776756 1861920 1864008
   43.039418233 1864008 1865872
   43.040562904 1865872 1868064
   43.041477872 1868064 1870376
   43.042272195 1870376 1872584
   43.043130059 1872584 1875016
   43.045156012 1875016 1876984
   43.046664223 1876984 1879504
   43.047539759 1879504 1881624
   43.050328512 1881624 1884016
   43.054755744 1884016 1886464
   43.055180441 1886464 1888104
   43.073554559 1888104 1889640
   43.100122347 1889640 1891248
   43.139155822 1891248 1892624
   43.181836887 1892624 1894936
   43.182316448 1894936 1897408
   43.214002552 1897408 1899904
   43.252203146 1899904 1900544
   43.252308939 1900544 1902992
   43.306996463 1902992 1905512
   43.347729090 1905512 1908032
   43.387382936 1908032 1910296
   43.422601709 1910296 1912472
   43.423036222 1912472 1914976
   43.464497796 1914976 1917504
   43.465081961 1917504 1920016
   43.504461564 1920016 1922152
   43.560915352 1922152 1924544
   43.561403932 1924544 1926376
   43.605609702 1926376 1928672
   44.019652895 1928672 1931032
   44.020662162 1931032 1933056
   44.022082411 1933056 1935568
   44.022943273 1935568 1938040
   44.023644856 1938040 1940240
   44.025406646 1940240 1941968
   44.026027338 1941968 1943248
   44.026429487 1943248 1944880
   44.029039921 1944880 1945600
   44.029214320 1945600 1947216
   44.029787786 1949696 1951472
   44.030348409 1951472 1953848
   44.031055855 1953848 1956256
   44.082978684 1956256 1957224
   44.083287705 1957224 1958120
   44.129414554 1958120 1960584
   44.181041732 1960584 1962736
   44.181809472 1962736 1965248
   44.216903202 1965248 1966680
   47.043741843 1966680 1968936
   47.046485160 1968936 1971256
   47.047292763 1947216 1947856
   47.047570138 1971256 1972400
   47.049098551 1972400 1973616
   47.049170491 1947856 1947896
   47.049366774 1771944 1773256
   47.052652313 1773256 1773568
   47.053048663 1775200 1776224
   47.053359365 1776224 1777256
   47.054171366 1777256 1777664
   47.054327909 1974272 1975072
   47.058518141 1978368 1979392
   47.058896747 1979392 1980416
   47.059322508 1980416 1981440
   47.059888635 1981440 1981672
   47.060060512 1973616 1974272
   47.060394282 1947896 1948072
   47.060896013 1948072 1948264
   47.060999180 1982464 1984880
   47.061786554 1984880 1985272
   47.073389601 1985272 1987808
   47.074037836 1948264 1948792
   47.074273692 1987808 1988760
   47.074628735 1948792 1949208
   47.074819182 1988760 1989232
   47.075870642 1989232 1991776
   47.076505686 1949208 1949560
   47.076727564 1991776 1993448
   47.077303742 1993448 1995232
   47.077634635 1949560 1949696
   47.077741971 1998848 1999112
   47.077861745 1995232 1996096
   47.078239734 1996096 1998584
   47.078831160 1999112 1999168
   47.078878273 1998584 1998848
   47.079195141 1999168 1999760
   47.079367748 2002944 2004760
   47.079812203 2004760 2005552
   47.080036892 2005552 2005864
   47.080185795 1999760 2000160
   47.080381104 2005864 2006736
   47.080807477 2006736 2008232
   47.081211603 2000160 2000328
   47.081327174 2008232 2009384
   47.090822768 2009384 2011936
   47.109951078 2011936 2014496
   47.129715208 2014496 2016944
   47.134769329 2016944 2019256
   47.258724329 2019256 2021632
   47.259725982 2021632 2024072
   47.260780369 2024072 2026608
   47.262229104 2026608 2029104
   47.262907198 2029104 2031616
   47.264263135 2031616 2032920
   47.406076028 2000328 2002824
   47.562465695 2002824 2002944
   47.562800680 2032920 2034672
   47.563569357 2034672 2036472
   47.564433641 2036472 2038712
   47.565478985 2038712 2041144
   47.566540883 2041144 2043560
   47.567253933 2043560 2046040
   47.567760920 2046040 2048384
   47.568497689 2048384 2050856
   47.569219407 2050856 2053384
   47.569746396 2053384 2055928
   47.570344978 2055928 2058328
   47.570976697 2058328 2060552
   47.571409032 2060552 2062960
   47.572095099 2062960 2065296
   47.572544244 2065296 2067120
   47.573044563 2067120 2068800
   47.576914466 2068800 2070424
   47.597595197 2070424 2072400
   48.853780043 2072400 2073872
   49.830000328 2138008 2138016
   51.095355655 2073872 2075544
   51.097546603 2075544 2078064
   51.100510766 2078064 2079832
   51.102709002 2079832 2080768
   51.104519664 2080768 2083240
   53.548427806 2083240 2085480
   53.935936640 2085480 2087992
   54.396154699 2087992 2090040
   55.505145766 2090040 2092368
   56.177274544 2092368 2094408
   56.479705794 2094408 2096688
   56.604582827 2096688 2099000
   56.945873579 2099000 2101488
   56.976114413 2101488 2103480
   57.022814811 2103480 2105376
   57.025142411 2105376 2107856
   57.060019579 2107856 2110232
   57.114145677 2110232 2112216
   57.152150674 2112216 2114776
   57.203779235 2114776 2117072
   57.204702834 2117072 2118568
   57.253572081 2118568 2119296
   57.283604756 2119296 2120176
   57.297408558 2120176 2121000
   57.297827484 2121000 2121776
   57.317059037 2121776 2122752
   57.334122240 2122752 2124696
   57.350793871 2124696 2127192
   57.368148717 2127192 2128680
   57.409184523 2128680 2131216
   57.409706217 2131216 2133536
   57.459666470 2133536 2136024
   57.494959105 2136024 2138008
   57.495445661 2138016 2138112
   57.565556223 2138112 2140648
   57.617085846 2140648 2142000
   57.617462283 2142000 2144312
   57.665938307 2144312 2146864
   57.708726350 2146864 2149368
   57.709232466 2149368 2151784
   57.711108922 2151784 2154232
   57.764591430 2154232 2156440
   57.795020490 2156440 2158912
   57.795458585 2158912 2160904
   57.845694916 2160904 2163400
   57.904130787 2163400 2165232
   57.904491284 2166784 2167808
   57.957487920 1981672 1982464
   58.007965709 1976416 1977016
   58.008068484 1975072 1976416
   58.059539805 2167808 2168840
   58.106114221 2168840 2169864
   58.106419487 2169864 2170880
   58.162456759 2170880 2171904
   58.204983881 2171904 2172240
   58.205256158 2174976 2175000
   58.332936043 2175000 2175128
   59.243274759 2165232 2166776
   59.256011118 2175128 2176464
   59.447105856 2166776 2166784
   59.710583601 2252592 2252600
   60.697238100 2179072 2180280
   60.873673908 2180280 2181416
   60.932009358 2181416 2182168
   61.364124354 2182168 2183048
   61.370724557 2252600 2252608
   61.475513019 2183048 2183960
   61.522927653 2183960 2185000
   61.574013494 2185000 2185960
   61.651781078 2185960 2186552
   62.141988077 2176464 2177624
   62.147630148 2252608 2252616
   62.240457187 2186552 2187368
   62.794935681 2187368 2188320
   63.504499526 2188320 2189296
   63.581193975 2189296 2190056
   64.149544805 2252616 2252624
   64.503800860 2190056 2191136
   64.752110986 2177624 2179072
   65.110181969 2191136 2192272
   65.574942475 2192272 2193160
   65.808825000 2354344 2354352
   66.050465871 2193160 2194816
   66.051942911 2194816 2196480
   66.252451910 2196480 2198240
   66.638689028 2199552 2200992
   66.640898131 2200992 2202360
   66.642763070 2202360 2203648
   66.644573719 2203648 2205704
   66.647909100 2205704 2207816
   66.650272493 2207816 2210304
   66.653135200 2210304 2210808
   66.655217179 2210808 2211832
   66.660493762 2211832 2212776
   66.686134004 2198240 2199552
   66.712584364 2212776 2214472
   66.713169936 2214472 2216248
   66.743352272 2216248 2218728
   66.775366599 2218728 2221120
   66.820138862 2221120 2223288
   66.820911264 2223288 2225480
   66.865325269 2228224 2230632
   66.937961767 2227160 2228224
   66.938254372 2225480 2227160
   66.979941737 2230632 2232784
   67.023912565 2232784 2235128
   67.024615034 2235128 2237416
   67.027678540 2237416 2239520
   67.030570729 2239520 2241840
   67.032518607 2241840 2243448
   67.068249360 2243448 2245128
   67.116719599 2245128 2247408
   67.117265603 2247408 2249728
   67.157968617 2252800 2255312
   67.198233951 2252624 2252800
   67.198293170 2251688 2252592
   67.224778354 2255312 2257448
   67.258047594 2257448 2259920
   67.296908586 2259920 2262264
   67.297456149 2262264 2264664
   68.109760636 2249728 2251688
   68.474295649 2264664 2267184
   68.481136384 2267184 2269328
   68.729022125 2269328 2270360
   68.851110462 2270360 2272272
   68.929835423 2272272 2273256
   69.413934707 2273256 2275384
   69.578538910 2275384 2277376
   69.579892374 2277376 2279128
   69.580572056 2279128 2281080
   69.581450945 2281080 2281472
   69.581728619 2281472 2283952
   70.117779149 2283952 2286416
   70.120851077 2286416 2288832
   70.124466217 2288832 2291208
   70.127431524 2291208 2293544
   70.130944181 2293544 2296040
   70.134233936 2296040 2298592
   70.137641504 2298592 2300544
   70.140687133 2300544 2301952
   70.141176790 2301952 2304512
   70.143000972 2304512 2306880
   70.183139505 2306880 2308624
   70.227089371 2308624 2311096
   70.258109530 2311096 2313008
   70.258767979 2313008 2315464
   70.297547963 2315464 2317776
   70.334652684 2317776 2319592
   70.375179658 2322432 2324696
   70.378731322 2321440 2322432
   70.414832967 2324696 2326496
   70.447288405 2326496 2329000
   70.692565191 2329000 2330912
   70.693267148 2319592 2321440
   70.697130054 2330912 2333368
   70.779508065 2333368 2335648
   70.780223084 2335648 2338144
   70.827941194 2338144 2340328
   70.841983999 2340328 2342776
   70.883593265 2342776 2345024
   70.931990927 2345024 2347416
   70.932540437 2347416 2349816
   70.933209183 2351104 2353416
   70.972406634 2349816 2351104
   71.018091371 2355200 2357528
   71.018654732 2357528 2359624
   71.056379937 2359624 2361800
   71.059449716 2361800 2364152
   71.064147014 2353416 2354344
   71.066585844 2364152 2366280
   71.136875724 2354352 2354360
   71.190888176 2366280 2368448
   71.281168890 2368448 2368848
   73.238055135 2354360 2354368
   74.250541495 1977016 1978368
   74.252629372 2172240 2173264
   74.832784978 2354368 2354816
   75.020368189 2173264 2174288
   75.048530516 2174288 2174976
   75.216117044 2371584 2372408
   75.382713760 2375680 2376704
   75.442572351 2376704 2377728
   75.454095933 2377728 2378752
   75.531719897 2378752 2378960
   76.352324525 2368848 2371360
   76.882026942 2354816 2355200
   77.886671216 2371360 2371584
   78.061890685 2379776 2381608
   78.431628766 2383872 2386080
   79.568916883 2386080 2388352
   79.751428266 2388352 2390880
   79.751450753 2390880 2392992
   79.752297302 2392992 2395136
   79.753463752 2395136 2397048
   79.754147468 2397048 2399608
   79.754899944 2399608 2401912
   79.755986598 2401912 2404208
   80.103658316 2381608 2383496
   80.288270816 2383496 2383872
   80.450672241 2404208 2405808
   80.451659360 2405808 2407072
   80.454430547 2407072 2408448
   80.457690992 2408448 2410800
   80.459732408 2410800 2413280
   80.462295893 2413280 2414312
   80.464114043 2414312 2415520
   80.465760934 2415520 2417176
   80.467566594 2417176 2418936
   80.470933709 2418936 2420952
   80.472020484 2420952 2423432
   80.611449522 2423432 2425816
   80.614705034 2425816 2428248
   80.618265704 2428248 2428928
   80.619902559 2428928 2430752
   80.658904135 2433024 2435336
   80.700505128 2432800 2433024
   80.700826170 2435336 2437480
   80.746798352 2437480 2439904
   80.747906363 2439904 2441840
   80.791922325 2441840 2444288
   80.889254351 2430752 2432800
   80.924828236 2444288 2446624
   81.003238124 2446624 2449160
   81.392844975 2449160 2451688
   81.441992767 2451688 2454168
   81.446819573 2454168 2455688
   81.759854099 2457600 2458696
   81.871118958 2455688 2457200
   81.873754228 2457200 2457600
   81.874663587 2458696 2459464
   81.875817095 2461696 2463440
   81.877967530 2463440 2465264
   81.880840141 2465264 2466784
   81.882863585 2466784 2467456
   81.884098792 2469888 2470912
   81.885412963 2470912 2471936
   81.887649508 2471936 2472960
   81.889326965 2472960 2473984
   81.891156694 2473984 2475008
   81.893524585 2475008 2475680
   81.894912104 2459464 2459480
   81.895125457 2372408 2373632
   81.897172920 2373632 2373992
   81.898035901 2378960 2379776
   82.421198455 2467456 2469888
   82.861035940 2492112 2492120
   83.061020658 2459480 2461328
   83.610654575 2512008 2512016
   84.230134484 2478080 2480248
   84.902875840 2480248 2482320
   85.374250118 2482320 2484736
   85.501577158 2484736 2486824
   85.538795448 2486824 2489312
   85.569361001 2461328 2461696
   85.887695599 2490368 2492112
   85.932795270 2489312 2490368
   86.042062599 2494464 2497016
   86.321183075 2497016 2498344
   86.325158057 2498344 2499544
   87.491714734 2492120 2493360
   87.491745795 2493360 2494464
   87.492297056 2499544 2500552
   87.493039146 2500552 2501592
   87.493746188 2501592 2503208
   87.978071135 2503208 2505184
   87.991670852 2505184 2507520
   88.070313132 2507520 2510024
   88.258465418 2510848 2512008
   88.590696543 2510024 2510848
   88.809204070 2564328 2564336
   88.933269094 2514944 2517368
   89.265573038 2517368 2519464
   89.973211613 2519464 2521952
   90.417800898 2512016 2513360
   91.126165148 2521952 2524408
   91.153944573 2524408 2526864
   91.155948569 2526864 2527920
   91.156395404 2527920 2529056
   91.156824934 2529056 2529648
   91.157057979 2529648 2530232
   91.203346046 2513360 2514656
   91.587605078 2530232 2530864
   91.594556218 2530864 2531784
   92.189615725 2531784 2533240
   92.212172718 2533240 2535800
   92.227436747 2535800 2537272
   92.942447064 2620280 2620288
   93.374705194 2537272 2539224
   94.345002677 2514656 2514944
   94.345147794 2539224 2541632
   94.993158846 2543616 2545440
   94.993968528 2545440 2547488
   94.994890819 2547488 2547712
   94.995039430 2547712 2550192
   94.996310813 2550192 2552680
   95.057643837 2541632 2543616
   95.244139980 2552680 2555072
   95.441752235 2555072 2557408
   95.677319493 2557408 2558616
   95.936536278 2558616 2560224
   96.021947216 2560224 2562112
   96.367011269 2562112 2564328
   96.896549208 2568192 2570600
   96.980056114 2564336 2566072
   96.980626720 2566072 2567560
   96.981219368 2567560 2568192
   96.981414286 2570600 2572744
   96.993858295 2572744 2574288
   96.995748839 2574288 2575176
   96.996603662 2575176 2576864
   96.999509711 2576864 2578704
   97.001068931 2578704 2580272
   97.002329420 2580272 2582776
   97.004490907 2582776 2585232
   97.006841868 2585232 2587496
   97.025471178 2587496 2589656
   97.070557431 2589656 2591000
   97.119791245 2591000 2591944
   97.195956576 2591944 2593896
   97.213752931 2593896 2596336
   97.273017381 2596864 2598416
   97.304542418 2596336 2596864
   97.319452884 2600960 2603480
   97.366432659 2603480 2604808
   97.399116700 2604808 2606512
   97.435340044 2598416 2599824
   97.452042436 2606512 2608816
   97.455112966 2608816 2611072
   97.463691418 2599824 2600960
   97.580852077 2611072 2613544
   97.898413636 2613544 2615568
   97.899196019 2615568 2616408
   98.164788039 2617344 2618896
   98.256415980 2616408 2617344
   98.455811405 2621440 2623456
   98.468977909 2623456 2625464
   98.471655125 2625464 2627968
   98.474678049 2627968 2630192
   98.477507777 2630192 2632544
   98.480538076 2632544 2634880
   98.483521215 2634880 2636936
   98.486303392 2636936 2639200
   98.489429564 2639200 2641112
   98.532884351 2618896 2620280
   98.742940146 2620288 2621440
   98.743359651 2641112 2643448
   99.107336327 2645528 2648048
   99.108283287 2648048 2649424
   99.108960650 2650112 2652408
   99.109667444 2652408 2654768
   99.110921449 2654768 2657136
   99.111678685 2657136 2657640
   99.112754223 2657640 2658528
   99.115225229 2658528 2659984
   99.117412835 2659984 2661800
   99.120916925 2662400 2662728
   99.180444756 2643448 2645528
   99.181069270 2666496 2667520
   99.189298762 2667520 2668544
   99.205337683 2668544 2669568
   99.233791171 2373992 2375184
   99.274477814 2375184 2375680
   99.274619699 2475680 2476704
   99.281210739 2476704 2477728
   99.326231112 2477728 2478080
   99.326465060 2669568 2670272
  100.585910742 2735280 2735288
  100.904018892 2649424 2650112
  101.469621963 2735288 2735296
  102.211472814 2661800 2662400
  102.287129120 2670592 2673040
  102.351410903 2673040 2675592
  102.717205208 2678784 2680488
  102.922857297 2680488 2681248
  103.501541719 2681248 2682024
  103.666266900 2682024 2682888
  103.857198853 2735296 2735304
  104.574395865 2675592 2676840
  105.072663498 2682888 2683824
  105.130888467 2683824 2684608
  105.132255641 2684608 2685448
  105.134172347 2685448 2686472
  105.135596501 2686472 2688952
  105.138779966 2688952 2691408
  105.141889216 2691408 2693784
  105.144892192 2693784 2695448
  105.147248594 2695448 2697840
  105.150607773 2697840 2698672
  105.152076387 2698672 2699848
  105.154034713 2699848 2701656
  105.156729685 2701656 2703200
  105.178901850 2676840 2678384
  105.210490788 2678384 2678784
  105.215575701 2670272 2670592
  105.222392716 2664048 2664336
  105.230834824 2662728 2664048
  105.258311852 2703200 2705096
  105.259289895 2705096 2707456
  105.260244719 2707456 2709064
  105.260953166 2711552 2713720
  105.261893046 2713720 2716096
  105.262599023 2716096 2718448
  105.263250750 2709064 2710280
  105.263614186 2718448 2719216
  105.263909152 2719216 2720008
  105.264181551 2720008 2721336
  105.265381001 2721336 2723240
  105.301773067 2723240 2725096
  105.357207414 2710280 2711552
  105.391572296 2725096 2727528
  105.482884029 2727528 2729696
  105.483984833 2729696 2730632
  105.577682544 2732032 2733616
  105.669980392 2730632 2732032
  105.776963157 2736128 2738560
  105.783675170 2738560 2740960
  105.798311570 2740960 2743424
  105.808313453 2743424 2745824
  105.810795315 2733616 2735280
  105.957480673 2745824 2748224
  106.482921428 2748224 2750624
  107.132101708 2750624 2753160
  107.174219651 2753160 2755592
  107.177498098 2755592 2758072
  107.180411966 2735304 2736128
  107.182547509 2758072 2759456
  107.184502420 2759456 2760704
  107.186267934 2760704 2762008
  107.188763661 2762008 2763592
  107.191215465 2763592 2763792
  107.191964253 2764800 2766504
  107.194165102 2766504 2768640
  107.197102309 2768640 2771160
  107.212907328 2771160 2772200
  107.230621096 2772200 2774128
  107.262067461 2777088 2778112
  107.262375915 2778112 2779136
  107.279860460 2779136 2780160
  107.297003269 2780160 2781184
  107.314693781 2781184 2782208
  107.332555970 2782208 2783232
  107.358441186 2783232 2783352
  110.275199851 2774128 2776056
  110.276082452 2763792 2764080
  110.276529822 2764080 2764760
  110.276898987 2776056 2777088
  110.277718668 2785280 2787776
  110.278692546 2787776 2789688
  110.279807845 2764760 2764800
  110.280682165 2789688 2790208
  110.280891689 2793472 2795960
  110.282043288 2795960 2796632
  110.283021663 2796632 2798672
  110.283793837 2790208 2790440
  110.284004560 2798672 2799600
  110.284508872 2799600 2800552
  110.284712450 2790440 2790840
  110.284964195 2800552 2801152
  110.286243302 2801152 2802632
  110.286684862 2790840 2791024
  110.287414103 2791024 2792760
  110.287846885 2802632 2805152
  110.288783294 2792760 2793472
  110.289017552 2805152 2805912
  110.289587152 2805912 2806288
  110.289657997 2809856 2812264
  110.290737795 2812264 2812840
  110.291162854 2812840 2814512
  110.291618220 2806288 2806856
  110.756508309 2806856 2808600
  110.817386171 2808600 2809856
  110.839393313 2814512 2815928
  110.861108575 2815928 2818400
  110.905415267 2818400 2820912
  110.906724998 2820912 2823464
  110.962895506 2823464 2825016
  111.007736656 2825016 2827464
  111.008561933 2827464 2829952
  111.037203344 2829952 2830336
  111.085927447 2830336 2832064
  111.086473872 2832064 2833512
  111.131957301 2833512 2834312
  111.139871746 2834432 2835056
  111.173366552 2835056 2836480
  111.173809977 2836480 2838248
  111.201249114 2838248 2840616
  111.218142926 2840616 2843000
  111.231069197 2843000 2845488
  111.267216240 2845488 2847920
  111.267744842 2847920 2848920
  111.299013036 2848920 2850928
  136.387076918 2850928 2851272
  136.387392731 2851272 2851792
  136.387664269 2834312 2834432
  136.388789973 2851792 2853880
  136.389621141 2854912 2855128
  136.389793252 2853880 2854280
  136.390101954 2854280 2854912
  136.390350958 2855128 2855184
  136.390443888 2859008 2859296
  136.390654914 2859296 2859696
  136.390801413 2855184 2855208
